115,375,2187,305,1413,784,98,329,244,504,163,48,88,64,105,183,67,35
118,380,2194,309,1410,795,100,334,246,500,166,49,92,66,107,191,68,35
113,381,2214,314,1421,799,96,325,286,487,142,49,81,59,92,131,68,35
117,382,2219,315,1423,800,92,313,291,471,140,49,81,57,88,118,68,35
113,376,2223,309,1424,786,90,308,287,473,139,48,79,55,87,112,68,35
123,383,2226,316,1428,802,91,314,276,470,143,49,83,56,87,122,68,35
142,383,2208,313,1419,797,92,314,228,473,175,49,94,59,100,165,69,35
192,382,2203,308,1416,786,96,324,177,484,206,50,108,65,128,296,70,35
228,391,2198,312,1413,801,99,333,195,494,227,50,109,69,158,383,70,36
284,413,2194,327,1409,841,108,357,322,504,268,53,122,79,195,534,71,37
297,381,2192,299,1409,769,101,329,310,507,293,50,112,76,211,557,72,36
295,388,2189,306,1407,788,103,338,368,511,302,50,117,79,232,592,72,35
301,393,2190,309,1408,796,105,343,379,511,301,51,118,80,232,598,72,35
325,382,2187,299,1406,769,104,334,412,514,305,50,118,79,247,685,73,36
316,381,2186,298,1405,768,102,332,386,513,290,49,115,76,236,603,72,35
259,391,2193,311,1412,797,102,337,271,503,248,51,114,73,179,446,71,35
289,387,2188,305,1407,784,103,337,342,510,259,50,113,74,216,561,72,35
301,381,2185,300,1406,770,103,334,375,514,274,49,113,74,227,592,73,34
311,391,2183,308,1406,791,105,343,388,513,257,51,117,76,228,617,73,36
331,381,2183,299,1405,768,103,333,448,513,279,50,120,77,238,668,73,36
319,392,2183,308,1405,791,105,343,464,514,285,51,122,79,242,631,73,35
326,392,2181,308,1405,792,106,344,507,514,280,51,125,80,250,665,73,36
344,386,2182,302,1405,776,104,337,460,514,278,50,119,78,245,679,73,36
348,415,2180,326,1405,838,112,364,504,514,280,54,127,83,241,690,73,37
334,389,2179,305,1405,785,106,344,462,514,273,51,118,77,247,661,73,36
337,393,2179,308,1404,793,106,344,479,513,274,51,120,78,249,668,73,36
324,381,2179,299,1403,770,103,335,486,515,296,49,120,78,260,681,73,35
355,391,2177,305,1402,784,108,347,504,517,292,51,123,80,266,723,74,36
330,392,2178,307,1401,794,108,347,469,515,286,51,122,80,264,721,73,35
338,415,2178,326,1402,839,114,367,521,517,288,54,132,84,264,753,74,37
311,388,2182,306,1405,786,105,341,423,514,263,50,119,77,250,668,73,35
316,381,2181,300,1403,769,103,335,497,515,290,49,123,78,258,677,73,34
337,391,2180,307,1405,789,105,343,486,514,287,51,120,79,251,667,73,35
368,391,2180,306,1404,785,107,347,477,516,291,51,119,79,257,691,74,36
360,387,2178,302,1404,776,106,340,480,516,292,51,119,79,256,726,74,36
338,392,2179,308,1404,790,106,344,444,515,283,51,116,79,252,661,74,35
341,393,2179,309,1404,793,107,346,515,516,288,51,124,83,257,685,74,36
330,385,2181,302,1405,776,104,339,557,516,327,50,125,81,265,655,74,35
351,392,2182,306,1405,786,106,346,483,515,286,51,121,79,245,666,74,36
116,380,2221,316,1428,793,86,299,278,459,147,48,79,53,86,110,69,35
106,382,2239,321,1433,802,97,329,304,492,130,49,76,58,88,119,68,35
105,371,2236,310,1431,778,96,323,289,500,146,48,77,58,92,127,68,34
107,377,2234,315,1430,791,98,329,292,502,141,49,78,60,94,129,68,35
111,383,2232,319,1429,801,101,336,290,504,143,50,81,61,94,137,69,35
114,385,2228,320,1427,806,102,339,279,507,150,50,84,63,98,154,69,36
118,372,2231,309,1429,776,100,329,262,508,158,49,82,62,98,160,69,36
112,380,2220,315,1420,794,102,336,262,508,156,49,85,63,102,165,69,35
111,383,2227,320,1426,802,102,337,263,506,157,50,86,65,103,169,69,36
109,384,2237,321,1429,803,101,337,258,504,156,50,85,64,102,171,69,36
114,371,2224,307,1423,773,99,326,238,504,169,49,84,64,105,192,69,36
121,382,2218,315,1420,795,100,332,210,500,174,50,96,67,110,220,69,35
140,407,2218,336,1424,847,105,348,190,493,216,53,113,75,126,282,70,37
116,373,2234,312,1432,780,96,320,237,492,180,49,91,65,105,187,69,36
112,384,2237,321,1433,804,99,330,260,491,160,50,88,63,98,160,69,35
115,371,2223,307,1421,774,95,321,275,497,158,48,82,61,96,140,69,34
112,380,2232,317,1429,795,101,334,252,503,157,49,85,63,101,170,69,35
109,381,2227,319,1424,799,97,329,290,502,171,49,86,66,108,157,69,35
111,379,2230,316,1426,793,102,336,252,503,165,50,85,66,105,184,69,35
106,381,2229,317,1423,800,99,332,270,497,170,50,91,69,109,189,69,35
111,401,2226,333,1415,844,106,352,281,496,187,53,103,75,112,208,69,37
113,376,2228,312,1416,790,100,334,266,496,173,50,95,70,110,191,69,35
105,377,2223,313,1414,794,105,339,241,502,171,51,87,67,111,203,69,35
106,368,2221,305,1413,774,106,335,213,512,179,50,84,64,113,210,69,34
112,400,2220,331,1412,842,114,362,239,510,173,54,89,69,111,214,69,37
107,378,2221,314,1413,796,107,343,244,510,166,51,86,66,110,199,69,35
106,381,2222,316,1413,802,107,344,260,508,166,51,88,68,110,197,69,36
104,378,2223,314,1413,796,103,338,266,503,163,50,85,67,108,187,69,35
106,367,2227,305,1416,771,99,325,275,501,172,49,85,67,106,173,69,34
123,377,2214,309,1409,788,108,346,203,513,199,51,100,74,129,275,69,35
121,380,2216,312,1411,797,105,342,201,509,209,51,108,78,136,300,70,35
108,368,2228,306,1418,773,102,330,210,507,204,49,96,74,127,275,69,36
100,367,2230,306,1420,775,100,329,217,505,198,49,94,71,124,247,69,34
103,379,2227,315,1418,798,104,340,227,506,184,50,95,72,122,248,69,35
106,380,2229,316,1419,801,104,340,238,506,183,50,94,71,122,232,69,35
108,379,2227,315,1416,797,105,341,250,506,169,50,86,67,112,202,69,35
107,366,2228,305,1416,771,102,330,248,510,175,49,83,64,112,187,68,34
110,378,2232,315,1419,796,105,341,266,507,157,50,84,66,103,183,68,35
121,379,2239,318,1423,800,103,337,284,504,153,50,81,64,100,156,68,35
108,371,2232,309,1418,781,104,334,257,506,154,50,78,62,99,171,69,36
108,401,2235,336,1420,847,109,357,283,503,155,53,84,65,99,165,69,37
108,376,2235,314,1421,792,103,336,247,506,160,50,89,69,108,209,68,35
109,368,2229,306,1417,775,103,333,220,510,208,49,94,72,124,254,69,34
116,368,2235,307,1421,773,100,329,241,504,175,49,89,69,112,224,68,36
119,374,2234,312,1421,787,103,335,232,506,189,50,89,71,117,242,68,36
102,376,2231,314,1420,793,104,337,262,507,160,50,83,65,108,187,69,35
109,374,2230,312,1418,787,103,336,220,508,194,50,90,71,122,252,69,35
115,375,2231,312,1418,789,106,341,222,509,199,51,98,74,127,267,69,35
106,378,2230,316,1419,797,105,341,196,508,207,50,100,75,138,318,69,35
110,380,2231,317,1420,800,106,342,205,508,202,51,101,75,133,293,69,35
111,380,2232,318,1421,801,106,342,204,508,204,51,104,75,131,292,69,35
110,381,2232,319,1421,803,105,342,194,506,208,51,102,75,137,311,69,36
111,379,2231,317,1420,799,105,340,191,506,211,50,102,75,139,317,69,35
108,368,2230,308,1420,776,102,331,187,508,220,49,99,73,139,305,69,34
124,375,2237,315,1426,790,99,327,203,488,203,50,96,69,124,269,69,35
162,371,2198,300,1405,770,109,340,452,521,305,50,134,86,339,1008,72,34
239,386,2185,306,1399,791,115,353,642,522,287,52,139,86,376,1147,74,35
248,387,2185,306,1398,792,116,354,656,523,279,52,139,86,375,1147,74,35
248,387,2183,307,1399,793,115,353,705,521,280,52,141,86,379,1166,74,36
273,382,2183,301,1397,778,113,347,836,521,327,52,149,90,385,1199,74,36
313,385,2178,301,1395,783,114,352,681,517,312,52,135,85,382,1141,75,35
