95,370,2148,302,1501,853,113,351,339,519,240,50,105,120,191,396,70,36
95,369,2161,302,1504,849,111,345,336,520,241,50,104,118,190,382,70,35
118,376,2175,312,1526,877,109,344,378,510,204,50,95,108,146,258,69,36
133,379,2186,316,1539,886,108,342,388,506,205,50,95,107,140,245,70,36
128,374,2189,313,1541,875,107,338,383,507,208,50,94,106,140,243,70,35
131,381,2189,318,1541,889,109,344,390,507,209,51,96,108,141,246,70,36
128,374,2191,313,1540,873,108,339,379,509,211,50,95,107,143,250,70,36
133,377,2192,316,1542,881,108,341,383,508,201,50,92,105,137,232,70,36
131,381,2193,319,1543,890,109,343,391,507,201,51,92,104,133,223,70,36
130,367,2190,308,1543,859,104,329,376,504,209,49,88,99,132,210,70,35
147,378,2198,318,1558,891,104,330,394,492,184,50,88,96,121,180,71,36
139,368,2194,308,1553,866,102,322,382,492,197,49,86,95,122,181,71,35
137,376,2196,316,1553,885,104,330,388,494,190,50,89,98,123,186,71,35
132,366,2197,309,1553,862,102,323,383,495,194,49,86,94,121,177,71,35
130,374,2193,315,1549,880,105,331,390,496,188,50,88,96,122,184,71,35
129,377,2191,317,1547,886,106,334,390,497,190,50,89,98,123,188,71,36
122,367,2193,309,1547,861,103,326,378,497,197,49,87,95,122,184,71,35
133,378,2192,319,1547,890,106,334,392,498,192,50,89,97,124,184,71,36
129,377,2195,318,1551,886,106,333,390,495,188,50,89,97,122,186,71,35
127,378,2193,319,1549,890,107,335,393,496,190,50,90,98,123,187,71,36
126,376,2192,317,1548,885,106,333,388,495,192,50,90,98,124,189,71,35
122,365,2193,308,1548,859,103,322,378,494,203,49,88,96,123,184,72,35
125,377,2191,318,1546,885,107,333,386,496,190,50,90,98,123,190,72,35
130,372,2192,313,1545,871,105,328,383,496,201,50,90,99,123,196,72,36
119,365,2189,307,1543,854,105,328,371,497,201,50,91,101,124,212,72,36
107,373,2188,314,1531,870,109,340,368,509,215,50,95,107,142,242,72,35
109,399,2185,334,1526,926,118,366,390,514,229,54,103,115,146,266,72,38
102,364,2187,306,1527,846,107,335,362,513,224,49,92,104,142,231,72,35
108,376,2189,316,1530,875,110,345,379,512,209,51,94,108,139,240,72,36
108,375,2184,315,1528,872,110,345,376,514,216,51,96,109,145,253,71,36
111,376,2185,317,1528,875,111,347,369,514,227,51,98,112,151,276,71,36
111,364,2182,305,1525,844,108,337,356,514,238,50,99,112,152,286,72,36
106,370,2182,310,1521,856,110,342,358,515,243,50,102,116,157,298,72,36
100,365,2184,308,1529,850,107,333,366,509,216,49,92,102,135,214,72,35
109,377,2185,318,1534,881,108,339,386,505,192,50,91,99,127,194,72,36
124,366,2192,311,1549,860,101,318,379,491,193,49,85,89,117,161,72,35
125,375,2192,320,1556,886,102,321,392,479,179,50,87,90,113,155,72,35
137,366,2190,310,1556,862,98,308,375,473,180,48,83,84,109,146,72,35
137,375,2190,320,1562,889,99,313,386,467,167,49,83,84,107,144,72,35
135,365,2189,311,1562,866,96,303,378,466,175,48,81,81,107,140,72,34
144,400,2190,340,1560,947,105,332,411,467,175,52,89,89,108,152,72,37
119,366,2191,313,1558,868,99,312,381,473,180,48,84,86,109,148,72,34
113,375,2183,316,1533,874,108,339,378,504,200,50,92,102,129,205,72,36
91,364,2180,304,1519,835,110,340,334,515,235,49,102,115,154,352,72,35
95,378,2177,315,1505,865,115,354,337,521,243,51,107,122,184,389,73,36
102,377,2167,311,1491,857,117,356,312,524,279,51,117,134,233,526,73,36
106,379,2169,314,1493,860,117,357,311,524,293,52,121,136,247,547,74,36
112,376,2161,307,1477,843,118,357,313,527,392,51,147,160,391,975,75,36
103,371,2162,305,1476,837,116,353,298,526,381,51,134,153,383,879,74,35
98,365,2167,302,1487,830,112,345,297,526,366,50,119,136,330,610,73,35
94,375,2170,312,1497,857,114,354,320,524,292,51,114,131,247,503,73,36
100,365,2176,304,1506,836,111,343,325,522,267,50,108,125,197,431,72,36
99,376,2176,314,1507,863,113,352,333,521,261,51,109,126,201,419,72,36
100,375,2176,314,1509,862,113,351,331,521,263,51,110,125,200,418,72,36
104,371,2180,312,1512,856,111,345,337,520,267,50,108,123,201,398,73,35
105,364,2182,306,1519,842,109,338,329,518,267,49,104,119,188,377,72,35
109,376,2185,317,1522,870,112,348,348,516,247,51,105,120,179,362,72,36
111,379,2185,317,1522,872,113,352,346,516,242,51,108,122,175,377,72,36
109,379,2182,319,1519,877,113,352,354,517,250,51,107,122,179,365,72,36
112,372,2185,313,1523,861,110,344,348,516,244,50,104,118,175,344,72,35
116,365,2183,306,1519,842,109,338,341,518,255,50,104,120,178,364,72,36
118,376,2185,317,1524,871,111,348,352,517,240,51,104,119,176,350,72,36
126,378,2184,319,1525,878,111,348,360,514,234,51,103,118,168,330,71,36
120,365,2183,307,1525,845,107,336,349,514,246,49,99,113,166,314,71,35
120,371,2183,311,1523,855,111,346,348,515,237,51,107,123,168,377,71,37
120,363,2178,305,1519,838,107,336,344,517,250,49,101,115,174,334,71,35
126,375,2177,314,1516,867,111,348,359,517,241,51,104,119,175,344,72,36
141,364,2177,306,1521,843,107,336,356,514,237,50,100,116,159,313,71,36
145,398,2181,335,1524,923,115,365,393,513,233,53,105,119,156,305,71,37
146,375,2180,316,1523,871,108,344,371,513,220,50,97,112,154,281,71,36
145,371,2180,312,1524,860,107,340,362,512,214,50,96,110,153,278,71,35
162,366,2183,308,1529,850,106,334,363,510,223,50,96,111,151,283,71,36
149,374,2183,315,1530,870,108,341,369,509,213,50,94,108,149,263,71,35
125,365,2191,309,1531,848,105,333,363,511,219,49,93,106,147,254,71,35
130,376,2187,317,1529,874,108,342,373,510,214,50,97,110,149,266,71,35
131,374,2189,315,1528,867,109,344,371,510,212,51,97,110,148,267,71,36
128,366,2189,309,1531,851,106,334,367,509,224,50,96,110,143,263,71,36
124,369,2188,312,1530,857,108,337,363,510,228,50,97,112,148,274,72,36
116,376,2187,318,1529,875,110,344,371,510,221,51,99,112,151,275,72,36
110,376,2180,316,1521,871,110,345,365,511,229,50,100,113,159,287,72,36
105,375,2182,314,1520,867,110,345,360,512,223,50,100,113,156,294,72,35
100,369,2181,310,1517,854,109,340,353,513,241,50,100,112,159,293,72,35
101,373,2180,313,1517,862,111,344,352,514,228,50,100,113,160,299,72,35
104,368,2178,308,1512,849,110,341,342,515,245,50,103,118,168,343,73,36
100,364,2182,306,1518,842,107,335,344,512,245,49,99,111,163,302,72,35
102,397,2176,332,1510,914,119,368,362,516,266,53,112,127,184,385,73,37
97,375,2176,314,1507,864,113,350,336,518,253,51,108,123,188,383,73,36
100,365,2178,305,1508,837,111,341,321,518,278,50,109,125,197,428,73,36
102,371,2178,310,1504,849,114,351,321,520,277,51,111,126,211,440,73,36
93,363,2175,305,1502,833,110,340,323,521,269,49,106,121,198,400,73,35
93,370,2175,310,1500,848,113,348,322,521,271,50,111,127,213,452,73,35
93,363,2173,303,1497,829,112,342,305,522,301,49,113,127,231,488,73,35
99,373,2168,311,1493,851,116,353,305,523,294,51,118,134,238,531,74,36
107,375,2166,311,1488,851,117,355,304,524,296,51,122,137,253,561,75,36
112,370,2162,305,1485,838,116,353,303,524,287,51,117,133,244,533,74,36
107,364,2165,301,1486,824,113,343,295,523,308,50,115,131,248,543,74,35
99,374,2163,310,1485,851,117,355,306,524,299,51,119,136,251,559,74,36
96,373,2164,309,1486,848,116,353,306,524,291,51,117,133,243,532,74,35
96,375,2179,316,1514,866,112,349,352,517,231,51,102,115,163,308,73,36
109,371,2190,316,1537,868,106,334,377,503,192,50,90,99,126,194,72,35
