185.53,812.68,2002.83,245.86,1085.86,564.46,48.76,165.72,1080.76,270.28,2080.12,28.75,367.98,212.22,235.55,444.2,47.25,33.64
176.5,811.71,2001.89,254.64,1095.23,568.72,50.48,170.14,1026.49,272.19,2065.67,30.14,365.55,211.4,229.21,407.09,47.25,33.64
141.2,811.71,2015.94,257.28,1096.79,573.69,51.06,167.38,680.3,266.94,1606.52,29.68,285.94,180.84,144.95,210.29,46.61,33.64
148.59,812.68,2014.06,256.4,1097.57,568.01,50.48,165.17,668.24,269.8,1764.38,29.68,280.25,177.54,165.79,202.42,47.25,33.64
145.3,813.65,2018.75,256.4,1099.13,570.14,49.91,162.96,693.57,265.98,1609.61,29.68,294.06,183.32,146.77,213.67,47.25,33.64
167.47,816.57,2019.68,253.76,1099.13,563.75,51.06,164.62,841.94,267.41,1934.63,29.68,335.49,199.84,191.16,303.63,47.89,33.64
210.98,821.42,2022.49,256.4,1099.13,568.72,52.2,168.49,995.12,270.28,2026.46,30.14,354.99,208.92,216.52,378.98,48.52,33.64
250.38,824.33,2021.55,256.4,1096.01,568.72,53.35,175.12,1114.54,278.4,2068.77,30.61,355.8,208.92,235.55,408.22,49.16,33.64
206.87,822.39,2028.11,254.64,1099.13,564.46,49.33,167.93,945.67,270.76,2064.64,29.68,347.68,202.32,227.4,323.87,48.52,33.64
147.77,817.54,2041.22,256.4,1109.28,566.59,45.32,155.78,632.05,250.7,1226.81,28.75,246.95,163.5,119.59,155.19,45.97,32.71
151.87,816.57,2033.73,250.25,1105.38,554.52,42.45,147.49,604.31,247.36,1186.57,27.82,223.39,154.42,116.87,152.94,45.97,33.64
152.69,816.57,2036.54,273.96,1103.82,604.93,48.19,166.28,674.27,254.52,1117.44,30.14,231.51,165.98,117.77,152.94,45.97,34.58
146.12,815.59,2035.6,258.16,1102.25,571.56,48.19,162.41,673.07,258.82,1161.81,28.75,233.14,167.63,123.21,152.94,46.61,32.71
142.84,815.59,2034.66,258.16,1101.47,572.98,49.91,166.83,659.8,263.59,1155.62,28.75,231.51,166.81,123.21,156.31,45.97,33.64
143.66,815.59,2036.54,256.4,1097.57,567.3,52.78,174.01,681.51,269.8,1216.5,28.29,238.82,174.24,128.65,166.44,45.97,33.64
138.74,816.57,2039.34,259.91,1099.91,571.56,54.5,178.98,695.98,272.67,1245.39,28.75,247.76,180.02,131.36,174.31,45.97,33.64
140.38,817.54,2045.9,254.64,1101.47,563.75,52.78,174.01,673.07,272.67,1306.26,27.82,246.13,175.89,130.46,170.93,45.97,32.71
134.63,819.48,2044.96,255.52,1096.01,566.59,54.5,178.98,703.22,276.96,1415.63,28.29,267.26,189.1,141.33,188.93,46.61,33.64
137.09,818.51,2042.15,258.16,1095.23,572.98,54.5,178.98,709.25,275.05,1390.87,28.29,266.44,189.93,141.33,188.93,46.61,33.64
139.56,819.48,2044.03,258.16,1096.79,572.98,54.5,178.98,705.63,274.58,1368.17,28.29,258.32,187.45,139.52,186.68,46.61,33.64
143.66,820.45,2049.64,259.03,1097.57,573.69,54.5,178.98,720.11,273.14,1347.54,28.29,260.76,191.58,140.42,188.93,45.97,33.64
134.63,818.51,2045.9,258.16,1099.13,572.27,54.5,178.43,726.14,273.62,1356.82,28.29,262.38,190.75,139.52,190.05,45.97,33.64
140.38,818.51,2048.71,260.79,1099.91,576.53,54.5,178.98,699.6,271.71,1295.95,28.29,255.88,183.32,134.99,181.05,45.97,33.64
138.74,818.51,2046.84,259.03,1097.57,572.98,52.78,174.56,712.87,272.19,1393.97,28.29,246.13,184.97,142.24,179.93,45.97,33.64
160.9,821.42,2050.58,252.89,1101.47,556.65,50.48,166.83,661,265.03,1242.29,27.36,229.89,173.41,129.55,175.43,45.97,33.64
177.32,823.36,2059.94,262.55,1106.94,576.53,49.91,168.49,671.86,261.68,1148.4,27.82,226.64,172.59,126.83,164.19,45.97,33.64
183.89,823.36,2059.01,257.28,1107.72,566.59,50.48,167.38,658.59,262.16,1203.08,27.82,225.83,170.11,125.93,170.93,45.97,33.64
211.8,824.33,2052.45,263.42,1104.6,577.95,48.19,163.52,661,255,1117.44,27.82,223.39,169.28,125.02,163.06,45.33,33.64
245.45,827.25,2056.2,254.64,1109.28,562.33,44.17,151.91,632.05,247.36,1061.73,26.43,192.52,151.12,119.59,147.32,44.69,31.77
243.81,825.3,2049.64,261.67,1104.6,577.24,45.89,158.54,671.86,246.88,1013.23,27.36,196.58,157.72,123.21,157.44,44.69,33.64
160.08,821.42,2055.26,258.16,1103.82,570.85,48.19,166.28,645.32,256.91,1006.01,27.36,198.21,156.07,122.3,158.56,45.33,33.64
281.57,830.16,2037.47,252.89,1086.64,562.33,59.66,187.82,858.82,288.42,1803.59,28.29,346.86,229.57,184.82,299.13,48.52,32.71
446.58,836.96,2031.85,252.01,1083.52,560.2,64.25,192.79,2131.37,297.02,3245.02,29.68,583.25,340.22,485.59,974.99,52.36,33.64
455.61,834.04,2022.49,247.62,1082.74,549.55,65.97,192.79,3636.72,303.7,4142.69,30.61,663.67,377.38,786.37,1603.62,54.91,33.64
453.15,833.07,2014.06,254.64,1085.08,560.2,66.54,197.21,3349.65,303.23,3889.9,31.07,666.92,380.68,724.77,1523.78,54.27,33.64
452.33,832.1,2010.32,255.52,1085.86,560.2,67.12,197.76,3331.55,303.7,3871.33,31.07,665.3,379.86,720.24,1508.04,54.27,33.64
452.33,832.1,2008.45,252.89,1085.86,556.65,68.27,198.32,3493.19,306.09,4054.99,31.53,658.8,380.68,747.41,1635.11,54.91,35.51
455.61,832.1,1999.08,259.03,1087.42,565.17,71.13,204.95,4076.99,313.26,3947.68,32.46,655.55,383.16,803.58,1677.85,56.19,34.58
403.07,838.9,2011.25,263.42,1097.57,569.43,65.97,201.08,1726.09,303.23,2960.24,30.61,550.76,320.4,396.81,798.44,51.08,34.58
126.42,832.1,2051.52,273.08,1117.09,573.69,59.66,195,845.55,286.51,1811.85,27.36,327.37,227.91,183.91,298.01,45.33,33.64
124.78,829.19,2031.85,263.42,1110.06,558.78,59.09,191.14,855.2,289.86,2001.7,27.36,342.8,236.17,194.78,342.99,45.97,34.58
137.09,829.19,2023.43,264.3,1105.38,565.17,60.23,196.66,1026.49,291.77,2271,27.82,396.42,262.6,243.7,462.19,45.97,33.64
129.7,830.16,2029.98,263.42,1107.72,558.78,61.38,195,1036.13,295.59,2425.77,27.82,400.48,265.07,253.67,495.93,46.61,34.58
128.06,829.19,2029.98,266.06,1106.94,565.88,61.38,196.11,1075.94,295.11,2380.37,27.82,410.22,270.03,260.92,497.06,46.61,33.64
126.42,830.16,2031.85,267.81,1107.72,567.3,60.81,195.56,1120.57,294.63,2474.26,27.82,421.6,275.81,277.22,531.92,46.61,33.64
125.6,829.19,2022.49,267.81,1105.38,570.14,61.38,197.21,1143.49,295.59,2419.58,28.29,431.35,277.46,268.16,517.3,46.61,33.64
129.7,834.04,2040.28,269.57,1114.74,568.72,60.23,196.11,1126.6,295.11,2418.55,28.29,421.6,273.33,270.88,500.43,47.25,33.64
131.35,834.04,2045.9,275.72,1115.52,580.08,60.23,197.21,1131.43,294.15,2415.45,28.29,424.85,277.46,268.16,509.43,46.61,33.64
128.88,830.16,2029.05,259.03,1106.94,552.39,59.09,190.58,1135.04,292.24,2453.63,27.36,420.79,276.63,260.01,603.89,46.61,34.58
137.91,829.19,2022.49,266.94,1102.25,570.14,60.81,196.66,1332.86,292.72,2704.36,27.82,465.46,300.58,327.05,696.1,46.61,33.64
124.78,828.22,2023.43,263.42,1101.47,563.04,61.95,197.76,1882.89,293.2,3093.35,27.82,546.7,341.05,423.08,1057.09,46.61,33.64
144.48,831.13,2024.36,266.06,1100.69,568.72,64.82,201.08,2336.43,297.5,3550.44,28.29,583.25,360.86,566.22,1242.64,47.89,33.64
163.36,834.04,2029.98,268.69,1103.03,572.98,65.4,202.18,2352.11,299.88,3526.7,28.75,584.06,358.39,558.07,1210.03,47.89,33.64
200.3,836.96,2028.11,266.94,1102.25,569.43,64.25,200.53,2063.83,302.27,3335.82,29.21,547.51,337.74,499.18,1046.97,48.52,33.64
199.48,835.98,2022.49,281.86,1100.69,601.38,68.27,213.23,1966.12,306.09,3345.11,31.07,557.26,341.87,460.23,964.87,48.52,35.51
174.86,835.98,2031.85,259.03,1104.6,551.68,60.23,192.79,1717.64,305.14,3186.21,28.75,493.08,301.41,418.55,861.41,49.16,32.71
154.33,833.07,2029.05,268.69,1104.6,570.85,61.95,198.32,1480.02,302.27,3077.87,28.29,483.33,304.71,423.08,764.7,48.52,33.64
197.84,834.04,2035.6,267.81,1111.62,566.59,57.37,191.69,800.92,281.74,1648.82,27.82,311.93,219.66,163.98,269.89,45.97,33.64
208.51,835.01,2036.54,269.57,1116.31,570.85,49.33,172.35,681.51,270.76,1180.38,27.82,225.01,169.28,125.93,155.19,45.97,33.64
153.51,834.04,2038.41,271.33,1120.99,575.82,45.89,163.52,658.59,261.68,1268.09,28.75,271.32,174.24,121.4,174.31,47.25,33.64
148.59,833.07,2031.85,261.67,1116.31,555.23,49.33,166.28,691.16,275.53,1690.09,28.75,291.63,180.02,144.95,205.79,47.89,32.71
184.71,835.98,2025.3,268.69,1113.18,570.85,52.78,175.67,973.41,280.78,2028.53,30.14,367.98,209.75,210.18,362.11,49.16,34.58
205.23,839.87,2031.85,270.45,1115.52,572.98,52.2,174.56,995.12,278.87,2035.75,30.61,367.98,211.4,214.71,368.86,49.16,33.64
239.71,841.81,2030.92,269.57,1113.96,571.56,52.2,177.33,1020.45,283.17,2032.65,30.14,354.99,207.27,217.43,368.86,49.8,33.64
256.13,842.78,2028.11,261.67,1110.06,553.81,50.48,176.22,1226.72,289.86,2260.68,29.21,370.42,213.05,260.01,438.58,50.44,33.64
254.48,842.78,2025.3,265.18,1107.72,563.04,53.92,182.85,1348.54,294.63,2222.5,30.14,378.54,219.66,280.85,497.06,51.08,33.64
272.54,843.75,2027.17,267.81,1107.72,568.72,59.09,192.24,1867.21,304.18,2384.5,31.07,393.98,229.57,378.69,717.47,51.08,34.58
252.02,842.78,2029.98,261.67,1110.84,553.1,51.06,176.22,1402.82,295.59,2355.61,29.21,376.92,216.35,302.59,543.16,50.44,32.71
250.38,842.78,2027.17,269.57,1109.28,570.14,52.78,182.85,1459.51,293.2,2262.74,30.14,390.73,222.13,302.59,560.03,51.08,33.64
237.25,842.78,2031.85,260.79,1112.4,552.39,51.63,176.77,1429.36,291.77,2353.54,29.21,389.1,216.35,308.03,555.53,49.8,32.71
259.41,844.72,2033.73,267.81,1112.4,567.3,52.2,181.19,1477.61,290.81,2276.16,30.14,388.29,222.13,307.12,565.65,50.44,33.64
210.15,840.84,2033.73,270.45,1113.96,572.98,52.2,178.98,1108.51,285.56,2110.04,30.14,376.11,214.7,234.64,403.72,49.8,33.64
192.92,838.9,2036.54,287.13,1117.87,607.77,52.2,182.85,1124.19,276.96,2157.5,31.53,396.42,224.61,226.49,408.22,49.16,35.51
156.8,834.04,2037.47,270.45,1125.67,571.56,41.88,151.91,646.53,252.13,1449.68,28.29,273.75,171.76,126.83,174.31,46.61,32.71
225.75,837.93,2040.28,273.08,1117.87,574.4,46.47,167.93,644.12,260.73,1104.03,26.9,214.45,151.94,115.06,145.07,45.33,33.64
131.35,834.04,2041.22,285.38,1113.96,605.64,57.37,197.76,726.14,278.87,1156.65,29.68,253.45,174.24,119.59,159.69,45.97,35.51
449.86,852.49,2026.24,266.06,1101.47,565.17,64.25,201.08,1855.15,303.23,3034.53,29.68,545.88,326.18,427.61,825.43,52.36,34.58
450.68,853.46,2028.11,261.67,1103.03,553.81,63.68,196.11,1815.35,305.14,3120.17,29.21,536.95,322.05,421.27,858.04,52.36,34.58
240.53,843.75,2039.34,261.67,1109.28,555.23,59.09,191.69,919.13,295.59,2068.77,27.36,360.67,238.65,209.28,336.24,48.52,32.71
138.74,834.04,2042.15,272.2,1114.74,574.4,54.5,186.16,704.43,278.4,1192.76,27.36,232.33,176.72,131.36,174.31,45.97,33.64
176.5,835.98,2043.09,288.01,1117.09,609.19,56.22,194.45,744.23,275.53,1309.36,28.29,249.38,190.75,134.99,188.93,45.33,35.51
182.24,835.98,2042.15,271.33,1116.31,572.27,53.92,183.95,712.87,277.92,1359.92,27.36,254.26,189.1,138.61,191.18,45.97,33.64
152.69,835.98,2046.84,272.2,1116.31,573.69,55.07,187.27,733.38,282.22,1426.98,27.36,272.94,198.19,144.05,204.67,46.61,33.64
140.38,836.96,2052.45,269.57,1117.87,568.72,54.5,186.16,729.76,284.6,1489.92,27.36,276.19,199.01,148.58,209.17,46.61,33.64
128.06,832.1,2035.6,261.67,1109.28,552.39,57.37,187.82,798.51,291.77,1891.3,26.9,322.49,221.31,182.1,286.76,46.61,32.71
127.24,832.1,2034.66,267.81,1109.28,565.17,58.51,192.24,829.87,292.24,1858.28,27.82,335.49,228.74,185.72,300.26,46.61,33.64
129.7,833.07,2037.47,266.94,1107.72,563.75,57.94,192.24,866.06,291.77,1911.93,27.82,349.3,236.17,193.87,322.75,47.25,33.64
132.17,830.16,2028.11,262.55,1104.6,557.36,56.79,188.93,805.75,289.86,1887.17,27.36,323.31,223.79,182.1,281.14,46.61,32.71
136.27,832.1,2035.6,261.67,1108.5,552.39,56.79,187.27,793.69,289.86,1869.63,27.36,319.24,222.96,178.47,298.01,46.61,34.58
137.91,832.1,2035.6,261.67,1107.72,553.1,56.22,186.72,786.45,289.38,1878.91,26.9,316.81,218.83,179.38,275.52,46.61,32.71
129.7,830.16,2026.24,282.74,1103.82,602.09,61.95,205.5,927.58,291.77,1997.57,29.68,371.23,250.21,195.69,338.49,47.25,35.51
128.06,833.07,2038.41,270.45,1110.84,571.56,60.23,196.66,958.94,295.59,2033.68,28.29,379.36,250.21,209.28,383.48,47.25,33.64
142.02,836.96,2044.96,267.81,1114.74,562.33,59.09,192.24,1042.17,297.5,2383.47,27.82,401.29,260.12,249.14,438.58,47.89,32.71
140.38,835.98,2040.28,273.08,1112.4,574.4,59.66,196.11,1015.63,297.02,2211.15,28.29,396.42,259.29,236.45,413.84,47.89,33.64
132.17,834.04,2040.28,266.06,1113.96,565.17,58.51,194.45,896.21,293.68,2030.59,28.29,356.61,241.13,208.37,344.12,47.25,33.64
134.63,834.04,2044.03,266.06,1113.18,563.04,59.09,192.24,908.28,291.29,1974.87,27.36,362.3,246.91,190.25,403.72,46.61,34.58
132.99,834.04,2037.47,273.08,1109.28,574.4,59.66,195.56,956.53,292.72,2223.54,27.36,372.86,253.51,232.83,403.72,46.61,33.64
127.24,832.1,2027.17,285.38,1103.03,602.8,65.4,209.92,1864.8,297.97,3289.39,29.21,558.07,351.78,440.3,986.24,47.25,35.51
122.32,833.07,2035.6,267.81,1106.16,568.72,61.95,198.32,2112.07,292.24,3038.66,27.82,571.88,354.26,412.21,1139.18,46.61,33.64
151.05,835.01,2027.17,283.62,1102.25,601.38,65.4,209.37,2215.81,294.63,3561.79,29.68,600.31,368.3,520.93,1124.56,47.89,35.51
