232.32,851.52,2259.38,335.43,1321.61,658.89,75.15,175.12,1173.64,236.37,2236.95,27.36,354.99,236.17,296.25,619.63,50.44,32.71
233.14,856.37,2275.3,333.67,1327.86,648.95,74,170.7,1072.32,235.42,2239.01,26.9,342.8,228.74,269.07,530.79,51.08,32.71
248.74,858.32,2272.49,327.52,1314.59,643.98,79.74,183.95,1248.43,248.31,2302.98,27.82,367.98,237.82,282.66,621.88,52.36,32.71
240.53,859.29,2280.92,338.94,1316.93,661.73,80.89,188.93,1320.8,250.7,2351.48,28.29,375.29,243.6,332.49,707.35,51.72,33.64
238.07,860.26,2288.41,345.08,1318.49,670.96,83.18,195,1445.04,254.52,2423.71,28.75,393.98,251.04,365.1,806.31,52.36,34.58
251.2,857.35,2265,332.79,1284.14,651.79,88.34,208.26,2616.27,272.67,2801.35,29.21,442.72,270.85,635.08,1406.83,53.63,33.64
261.87,855.4,2250.02,320.5,1266.97,629.78,88.92,209.92,3256.77,280.31,3025.25,28.75,450.03,271.68,766.44,1641.86,54.91,33.64
244.63,855.4,2257.51,335.43,1281.02,656.76,87.77,208.26,2595.77,269.8,2763.17,29.21,443.53,271.68,634.17,1427.07,53.63,34.58
239.71,856.37,2266.88,342.45,1297.41,665.28,82.61,192.79,1486.05,261.68,2654.83,28.75,399.66,253.51,520.02,824.3,52.99,33.64
234.78,862.2,2294.03,346.84,1323.17,671.67,77.44,178.98,1118.16,243.06,2334.97,27.82,358.24,235.35,326.14,540.91,51.72,33.64
254.48,861.23,2279.05,335.43,1305.22,656.05,82.61,191.69,1429.36,254.04,2421.64,28.75,395.6,252.69,353.32,733.21,52.99,33.64
300.46,859.29,2250.02,327.52,1277.12,643.27,87.2,203.84,2079.51,265.03,2651.73,29.68,420.79,266.73,478.35,994.11,55.55,34.58
310.31,858.32,2244.4,329.28,1271.65,647.53,87.77,205.5,2196.51,267.41,2657.93,29.68,423.22,266.73,496.46,1018.85,55.55,34.58
313.59,858.32,2242.53,330.16,1269.31,649.66,88.92,208.26,2337.64,269.32,2668.24,30.14,425.66,266.73,516.4,1061.59,56.19,34.58
314.41,858.32,2241.59,320.5,1267.75,629.78,86.62,203.84,2324.37,271.23,2786.9,29.21,413.47,259.29,531.8,1070.58,56.19,33.64
304.56,858.32,2243.47,317.86,1269.31,626.23,86.05,202.74,2317.13,268.85,2762.14,28.75,413.47,259.29,521.83,1087.45,55.55,33.64
316.87,858.32,2239.72,321.38,1263.06,633.33,86.62,205.5,2413.63,272.67,2825.08,29.21,420.79,263.42,558.98,1130.18,56.19,33.64
319.34,857.35,2236.91,317.86,1258.38,625.52,86.05,204.95,2472.73,273.62,2828.17,28.75,418.35,260.95,576.19,1176.29,56.19,33.64
265.16,858.32,2264.07,330.16,1282.58,648.95,83.75,199.42,1507.76,262.64,2381.4,28.75,392.35,247.73,373.25,759.08,54.27,33.64
291.43,857.35,2252.83,328.4,1267.75,647.53,87.2,208.26,1767.1,270.76,2505.22,29.21,415.91,259.29,424.89,885.03,55.55,34.58
286.5,858.32,2257.51,323.13,1270.09,633.33,82.61,199.42,1560.84,269.8,2514.5,27.82,389.1,243.6,402.25,813.06,54.91,33.64
272.54,858.32,2265,324.89,1275.55,637.59,82.03,199.42,1513.79,266.94,2441.25,27.82,389.1,241.13,382.31,778.2,54.91,33.64
273.37,849.58,2255.64,327.52,1266.19,653.21,86.62,206.6,1756.24,266.46,2450.53,29.21,407.79,253.51,429.42,908.65,54.91,34.58
301.28,848.61,2233.17,324.89,1244.33,643.98,90.64,214.89,2610.24,276.49,2695.07,29.68,432.97,265.9,607.9,1279.75,56.19,34.58
229.04,860.26,2294.03,342.45,1300.53,663.86,79.16,193.35,1276.17,257.38,2251.39,27.82,363.11,234.52,350.61,702.85,52.99,33.64
259.41,872.88,2359.57,361.77,1355.96,690.84,72.28,180.64,876.92,238.28,1573.5,26.43,285.13,201.49,186.63,322.75,50.44,33.64
301.28,887.45,2419.5,362.65,1387.97,688,68.27,172.91,837.11,235.9,1241.26,25.51,224.2,178.37,155.82,219.29,49.16,31.77
308.66,890.36,2430.73,377.57,1394.21,714.27,69.99,180.09,880.53,233.99,1133.95,25.97,222.58,181.67,153.11,215.92,48.52,33.64
270.08,884.53,2413.88,359.13,1375.48,685.16,68.84,176.22,856.41,238.76,1190.7,25.51,222.58,178.37,154.01,210.29,49.16,32.71
264.34,883.56,2411.07,371.43,1373.13,710.01,71.13,182.3,885.36,238.76,1113.32,26.43,225.01,182.5,152.2,211.42,49.16,33.64
274.19,890.36,2442.91,378.45,1390.31,717.11,68.27,179.54,898.63,236.37,923.46,25.97,190.08,173.41,149.48,206.92,48.52,33.64
286.5,892.3,2447.59,380.21,1398.11,719.24,67.12,175.12,905.86,232.08,897.67,25.51,187.65,175.06,151.29,209.17,47.89,33.64
307.02,896.18,2461.63,374.94,1412.95,707.17,64.25,167.38,881.74,227.3,939.97,25.04,182.77,174.24,151.29,217.04,47.89,33.64
338.22,901.04,2475.68,374.94,1408.26,705.04,62.53,171.25,915.51,233.03,927.59,24.11,174.65,175.06,158.54,218.16,46.61,31.77
336.58,898.13,2459.76,367.91,1380.16,693.68,62.53,179.54,957.73,242.1,978.15,23.65,176.27,184.97,172.13,254.15,45.33,32.71
293.07,887.45,2421.37,354.74,1342.69,675.93,64.25,186.16,986.68,248.31,1041.09,24.11,194.15,201.49,183.91,317.13,44.69,33.64
302.92,883.56,2399.84,377.57,1324.73,722.79,67.12,200.53,1057.85,247.83,1002.91,25.04,198.21,208.92,184.82,337.37,44.05,34.58
297.17,863.17,2360.51,345.08,1298.97,673.09,66.54,190.58,1063.88,244.97,1410.48,24.58,247.76,237.82,250.95,546.54,44.05,32.71
177.32,847.64,2243.47,309.08,1222.47,612.74,71.13,196.66,1911.84,263.12,2985.01,24.58,467.09,333.61,676.75,1656.48,47.89,32.71
186.35,844.72,2251.89,307.33,1227.16,614.87,75.72,199.42,1839.47,263.59,2881.83,25.51,465.46,327.01,629.64,1478.8,49.16,32.71
206.87,843.75,2251.89,316.99,1225.59,631.91,77.44,204.39,1723.67,264.55,2579.51,25.97,454.09,322.88,553.54,1325.86,50.44,33.64
235.6,856.37,2262.19,318.74,1232.62,631.91,78.02,206.05,1546.36,269.8,2362.83,25.97,428.91,307.19,473.82,1105.44,51.08,33.64
187.99,850.55,2252.83,323.13,1223.25,637.59,73.43,201.63,1786.4,265.5,2968.5,25.04,455.72,331.96,702.12,1483.3,49.16,33.64
190.45,855.4,2286.54,315.23,1244.33,620.55,67.12,191.14,1518.62,258.82,2670.31,23.65,401.29,307.19,577.09,1380.96,45.97,32.71
273.37,870.94,2338.97,338.94,1279.46,659.6,65.4,193.9,1097.65,252.61,1529.13,24.11,271.32,249.38,295.34,705.1,44.05,32.71
305.38,879.68,2370.81,345.08,1301.32,667.41,65.4,193.9,1032.52,250.7,1227.85,24.11,226.64,225.44,232.83,499.31,43.42,33.64
281.57,877.74,2369.87,345.96,1302.1,665.99,65.4,193.35,1013.22,251.65,1172.13,24.11,220.14,220.48,223.77,457.7,44.05,33.64
298.81,883.56,2393.28,344.21,1320.83,659.6,64.82,188.37,1010.8,251.65,1261.9,23.65,233.14,225.44,221.96,471.19,44.69,32.71
284.04,881.62,2388.6,355.62,1322.39,681.61,68.27,195,1056.64,253.56,1373.33,24.58,254.26,237,238.27,488.06,45.33,33.64
292.25,885.5,2402.64,360.89,1335.66,689.42,69.99,196.66,1059.05,252.61,1345.47,25.04,260.76,238.65,225.58,475.69,45.97,33.64
275.83,882.59,2397.03,351.23,1334.1,670.25,68.27,190.58,1018.04,254.04,1426.98,24.58,247.76,228.74,224.68,426.21,46.61,32.71
265.16,881.62,2392.34,347.72,1329.42,665.99,69.99,192.79,1016.84,255.47,1410.48,25.04,256.7,232.87,222.87,447.58,47.25,33.64
252.84,878.71,2379.24,355.62,1321.61,682.32,72.85,198.87,1048.2,258.82,1417.7,25.51,268.88,238.65,228.3,439.7,47.89,33.64
245.45,877.74,2375.49,374.06,1317.71,720.66,78.59,212.68,1132.63,259.77,1526.04,27.36,300.56,257.64,236.45,497.06,47.89,35.51
216.72,870.94,2352.08,345.96,1297.41,670.25,74,201.63,1104.89,262.16,1628.19,25.51,304.62,251.86,261.82,527.42,47.89,33.64
210.98,869.97,2346.46,343.33,1291.95,665.99,73.43,201.63,1103.68,262.16,1624.06,25.51,303,251.86,267.26,543.16,47.89,33.64
211.8,869.97,2349.27,334.55,1293.51,648.24,71.71,195.56,1069.91,261.68,1667.39,24.58,294.06,244.43,261.82,528.54,47.89,32.71
214.26,869.97,2346.46,346.84,1294.29,670.25,74.58,202.18,1094.03,262.64,1640.57,25.97,299.75,249.38,269.07,517.3,47.89,33.64
224.11,872.88,2355.83,348.6,1304.44,673.09,74.58,201.63,1088,262.16,1543.58,25.97,292.44,248.56,250.04,489.18,48.52,33.64
225.75,873.85,2358.64,347.72,1305.22,670.96,74,201.08,1066.29,262.16,1486.83,25.51,281.88,243.6,240.98,473.44,48.52,33.64
229.04,874.82,2363.32,352.11,1308.34,678.06,72.85,199.97,1084.38,259.3,1481.67,25.51,279.44,245.26,248.23,497.06,47.89,33.64
222.47,872.88,2353.95,347.72,1299.75,671.67,72.28,200.53,1136.25,259.77,1620.96,25.51,303.81,260.12,280.85,641,47.89,33.64
226.57,871.91,2353.02,337.18,1297.41,649.66,68.84,193.9,1077.15,258.34,1629.22,24.58,284.31,250.21,276.32,627.51,46.61,33.64
228.22,871.91,2352.08,344.21,1295.07,664.57,68.27,196.11,1072.32,256.91,1506.43,24.58,264.82,242.78,270.88,552.16,46.61,32.71
220.01,869,2338.04,342.45,1282.58,663.86,67.69,196.66,1061.47,255.47,1339.28,24.58,253.45,237.82,252.76,537.54,45.33,33.64
243.81,868.03,2329.61,333.67,1277.12,651.79,67.12,197.21,1126.6,253.56,1279.44,24.11,283.5,256.82,250.04,819.81,44.69,33.64
196.2,855.4,2281.86,326.65,1243.55,641.85,68.84,198.87,1457.1,256.91,2274.09,24.58,391.54,305.54,497.37,1305.62,45.33,33.64
182.24,852.49,2271.56,310.84,1238.08,615.58,74,199.97,2055.38,260.25,2746.66,25.04,490.65,342.7,601.56,1710.46,46.61,32.71
206.87,853.46,2256.58,322.25,1230.28,636.88,78.02,207.71,1759.86,267.89,2585.7,25.97,460.59,329.48,558.07,1365.22,49.8,33.64
223.29,861.23,2287.47,350.35,1253.7,686.58,82.61,219.86,1416.09,269.8,2093.53,27.82,406.16,303.89,355.14,894.03,50.44,35.51
185.53,854.43,2277.17,327.52,1241.99,644.69,71.71,201.63,1732.12,260.73,2607.37,25.04,446.78,330.31,584.34,1509.16,46.61,33.64
236.42,863.17,2310.88,334.55,1263.06,651.08,65.97,195.56,1048.2,254.04,1592.07,24.11,242.89,233.69,328.86,585.9,44.05,32.71
297.99,880.65,2377.36,352.99,1313.02,675.93,65.4,193.9,1020.45,251.65,1125.7,24.11,214.45,218,212.9,417.21,44.05,32.71
280.75,880.65,2381.11,352.11,1318.49,672.38,67.12,194.45,1049.4,254.04,1309.36,24.58,248.57,233.69,235.55,493.68,45.33,32.71
288.96,882.59,2387.66,347.72,1326.3,663.15,67.12,191.14,1036.13,254.04,1423.89,24.11,255.07,232.87,236.45,492.56,45.97,32.71
245.45,875.79,2364.25,357.38,1313.02,680.9,70.56,197.76,1062.67,258.34,1536.36,25.04,268.07,240.3,260.92,489.18,47.25,33.64
265.98,880.65,2386.73,360.89,1330.2,687.29,71.71,198.32,1048.2,256.43,1349.6,25.51,255.88,232.87,221.96,422.84,47.25,33.64
231.5,873.85,2356.76,360.01,1307.56,686.58,74,201.08,1063.88,260.25,1506.43,25.97,272.13,239.48,250.04,422.84,48.52,33.64
206.87,865.11,2319.31,331.04,1279.46,641.85,72.85,197.76,1092.83,264.55,1722.08,25.04,303.81,246.91,291.72,591.52,49.16,32.71
206.05,864.14,2313.69,336.3,1273.99,651.79,75.15,204.95,1170.02,265.03,1813.91,25.97,330.62,265.07,330.67,745.58,49.16,33.64
199.48,862.2,2308.07,331.91,1267.75,648.24,74,203.29,1170.02,263.59,1762.32,25.51,328.18,263.42,316.18,697.23,48.52,33.64
224.93,869.97,2342.72,350.35,1298.19,673.8,74,202.74,1107.3,261.21,1553.9,25.97,294.06,251.86,263.63,554.41,48.52,33.64
237.25,873.85,2357.7,349.48,1307.56,668.83,72.28,200.53,1088,259.3,1549.77,25.51,285.94,248.56,265.45,560.03,47.89,33.64
259.41,877.74,2370.81,354.74,1313.81,675.22,69.41,196.11,1072.32,256.91,1490.96,25.04,268.88,242.78,259.1,522.92,46.61,32.71
287.32,881.62,2385.79,343.33,1323.95,655.34,65.4,189.48,1010.8,254.04,1357.85,23.65,233.95,223.79,231.93,459.95,45.33,31.77
258.59,870.94,2340.85,347.72,1286.48,668.12,66.54,195.56,1037.34,253.56,1242.29,24.11,229.08,226.26,240.08,489.18,44.69,33.64
226.57,861.23,2303.39,333.67,1259.94,650.37,68.27,198.32,1278.58,255.95,1976.94,24.58,341.99,285.72,415.83,1086.33,44.69,33.64
191.27,853.46,2263.13,318.74,1236.52,624.81,75.15,202.74,1769.51,266.46,2718.8,25.51,456.53,329.48,576.19,1478.8,49.16,34.58
213.44,857.35,2268.75,333.67,1241.21,650.37,78.59,208.81,1288.23,268.85,2333.94,26.43,369.61,281.59,462.94,712.97,50.44,33.64
223.29,868.03,2323.99,360.89,1280.24,702.2,82.61,218.76,1225.51,267.89,1765.42,27.82,343.61,274.98,265.45,534.17,49.8,35.51
221.65,871.91,2345.53,339.82,1295.85,657.47,76.3,202.18,1060.26,266.46,1503.34,25.97,285.13,236.17,220.15,385.72,49.8,32.71
197.84,858.32,2284.67,320.5,1250.57,625.52,74,200.53,1361.81,266.46,2160.6,25.51,385.04,292.32,391.37,971.62,49.16,33.64
193.74,858.32,2293.09,321.38,1252.14,628.36,71.13,196.66,1454.69,263.12,2428.87,24.58,396.42,299.76,481.97,1095.32,47.25,32.71
250.38,867.06,2326.8,330.16,1275.55,639.01,65.4,191.14,1180.88,255.47,1920.19,23.65,315.18,266.73,356.95,861.41,44.69,32.71
292.25,875.79,2357.7,347.72,1296.63,668.12,65.4,194.45,1074.73,252.61,1437.3,24.11,249.38,237.82,261.82,555.53,44.05,33.64
266.8,874.82,2356.76,346.84,1295.07,668.83,65.97,194.45,1036.13,252.61,1186.57,24.11,222.58,222.96,222.87,455.45,44.05,32.71
281.57,879.68,2376.43,351.23,1311.46,673.09,66.54,195,1032.52,251.65,1111.25,24.11,222.58,222.13,207.46,419.46,44.69,32.71
273.37,879.68,2380.17,357.38,1315.37,682.32,67.12,195.56,1040.96,253.09,1205.15,24.58,226.64,224.61,217.43,411.59,45.33,33.64
263.51,878.71,2377.36,355.62,1314.59,680.9,69.41,197.76,1065.08,254.52,1319.68,25.04,255.07,238.65,231.93,480.19,45.97,33.64
248.74,877.74,2369.87,343.33,1313.81,656.76,68.27,192.24,1050.61,256.91,1535.32,24.58,265.63,238.65,250.04,502.68,46.61,32.71
