110.82,742.77,1868,236.2,1023.41,519.73,54.5,173.46,316.03,228.26,77.39,21.33,38.18,23.12,63.42,74.22,38.31,32.71
111.64,746.66,1878.29,235.33,1026.53,514.76,53.35,171.25,316.03,228.73,78.42,20.87,37.37,22.3,62.51,68.6,38.95,30.84
114.93,748.6,1882.04,236.2,1028.09,514.76,53.92,171.8,325.68,229.69,78.42,20.87,37.37,22.3,62.51,68.6,38.95,30.84
119.03,749.57,1884.85,245.86,1028.09,533.93,55.64,178.43,347.39,229.69,73.26,21.8,38.18,23.12,63.42,69.72,38.95,31.77
154.33,751.51,1891.4,244.11,1031.22,528.96,53.92,174.01,376.34,227.3,75.32,21.33,38.99,23.12,63.42,68.6,38.95,31.77
146.12,752.48,1893.28,246.74,1030.44,533.93,53.92,175.67,383.57,227.3,74.29,21.33,38.99,23.12,62.51,69.72,38.95,32.71
160.9,753.45,1896.09,248.5,1033.56,534.64,52.2,172.35,398.05,222.53,79.45,21.33,41.43,24.77,63.42,69.72,38.95,31.77
129.7,752.48,1894.21,244.98,1032,529.67,53.35,174.01,383.57,223.48,77.39,21.8,39.8,23.95,63.42,69.72,38.95,32.71
114.93,751.51,1891.4,247.62,1032,533.93,53.35,174.01,384.78,224.44,75.32,21.8,39.8,23.95,62.51,69.72,38.95,31.77
109.18,752.48,1893.28,243.23,1032,525.41,52.2,171.25,375.13,225.87,75.32,21.33,38.99,23.95,63.42,68.6,38.95,31.77
106.72,752.48,1894.21,260.79,1032,563.04,57.37,185.61,387.19,227.78,79.45,22.72,40.62,24.77,62.51,71.97,39.59,33.64
107.54,753.45,1893.28,244.11,1031.22,526.83,55.64,177.33,322.06,232.08,72.23,21.33,38.18,22.3,62.51,68.6,39.59,31.77
110.82,754.43,1894.21,239.72,1032,517.6,53.92,173.46,300.35,231.6,78.42,21.33,38.99,22.3,62.51,67.47,39.59,30.84
117.39,754.43,1893.28,247.62,1031.22,533.93,55.64,179.54,313.61,231.12,73.26,21.8,38.99,21.47,61.61,69.72,39.59,31.77
119.85,755.4,1893.28,243.23,1031.22,524.7,55.07,176.22,313.61,231.6,72.23,21.33,38.18,21.47,61.61,67.47,39.59,31.77
114.93,755.4,1895.15,262.55,1032,565.17,59.66,190.03,334.12,232.08,77.39,23.19,41.43,23.12,61.61,71.97,39.59,33.64
111.64,754.43,1896.09,261.67,1032,563.75,58.51,187.82,334.12,231.6,78.42,23.19,41.43,23.12,61.61,71.97,39.59,33.64
131.35,755.4,1899.83,249.37,1035.12,536.06,51.63,170.7,369.1,224.44,74.29,21.8,39.8,23.95,62.51,68.6,39.59,31.77
154.33,755.4,1900.77,263.42,1035.9,565.88,55.64,183.4,396.84,217.27,80.48,22.72,42.24,24.77,62.51,71.97,39.59,33.64
125.6,754.43,1899.83,248.5,1034.34,533.93,54.5,177.33,393.22,229.69,76.35,21.8,40.62,23.95,63.42,68.6,39.59,31.77
119.85,754.43,1898.89,248.5,1034.34,534.64,55.07,178.43,390.81,230.64,76.35,21.8,39.8,23.95,63.42,68.6,39.59,31.77
107.54,740.83,1894.21,239.72,1016.38,521.15,55.64,176.22,343.77,227.78,73.26,21.8,37.37,22.3,62.51,69.72,39.59,31.77
99.33,730.15,1885.79,239.72,1010.92,525.41,57.37,177.88,310,228.26,68.1,21.8,35.74,20.64,62.51,71.97,39.59,31.77
100.15,723.36,1868,226.54,1001.55,507.66,57.37,171.25,293.11,223.48,76.35,21.8,35.74,19.82,62.51,74.22,38.95,30.84
103.44,725.3,1876.42,236.2,1004.67,526.83,60.23,178.98,254.51,225.39,67.07,22.72,35.74,18.99,61.61,74.22,39.59,31.77
103.44,728.21,1882.98,237.96,1007.8,528.96,59.09,178.43,267.78,225.87,68.1,22.26,36.55,20.64,62.51,75.35,39.59,31.77
105.08,729.18,1885.79,232.69,1010.14,516.89,55.64,170.7,332.91,221.09,75.32,21.8,37.37,22.3,63.42,76.47,39.59,32.71
122.32,732.09,1892.34,238.84,1013.26,528.96,53.92,168.49,375.13,215.36,74.29,21.8,38.18,23.12,64.32,73.1,39.59,31.77
158.44,734.04,1892.34,239.72,1014.04,529.67,47.04,154.12,388.4,201.99,77.39,21.33,40.62,24.77,64.32,73.1,38.95,31.77
183.89,736.95,1893.28,239.72,1014.82,529.67,42.45,143.08,385.99,185.28,79.45,20.87,42.24,25.6,63.42,73.1,38.31,30.84
173.21,737.92,1896.09,240.59,1017.95,531.8,39.01,134.24,373.93,175.73,76.35,20.87,40.62,23.95,62.51,70.85,38.31,30.84
164.18,737.92,1896.09,238.84,1018.73,526.83,36.71,126.5,377.54,169.52,77.39,19.94,41.43,24.77,62.51,70.85,37.67,30.84
146.94,736.95,1894.21,232.69,1017.16,514.05,36.71,124.85,354.63,170,81.51,19.94,42.24,23.95,62.51,73.1,37.67,30.84
132.99,736.95,1892.34,237.96,1015.6,525.41,39.58,133.68,334.12,176.21,75.32,20.4,43.05,23.12,61.61,69.72,38.31,30.84
127.24,737.92,1894.21,238.84,1016.38,527.54,43.6,145.29,305.17,182.89,74.29,21.33,43.87,22.3,61.61,70.85,38.31,30.84
123.96,739.86,1896.09,232.69,1017.16,511.92,45.32,147.49,278.63,193.87,78.42,20.87,43.05,20.64,60.7,67.47,38.95,30.84
127.24,740.83,1895.15,233.57,1015.6,513.34,48.76,156.89,260.54,208.2,76.35,20.87,35.74,18.99,60.7,67.47,39.59,30.84
126.42,741.8,1896.09,232.69,1015.6,511.92,48.19,155.23,272.6,206.77,76.35,21.33,41.43,19.82,60.7,73.1,39.59,32.71
132.17,742.77,1897.02,241.47,1015.6,529.67,49.91,162.41,287.08,208.68,72.23,21.8,40.62,19.82,60.7,69.72,39.59,31.77
140.38,744.72,1897.02,241.47,1017.16,529.67,49.91,161.86,294.32,208.68,73.26,21.33,41.43,20.64,60.7,68.6,39.59,31.77
132.17,743.74,1897.96,238.84,1017.95,524.7,48.19,157.44,316.03,206.77,73.26,21.33,39.8,21.47,61.61,69.72,39.59,31.77
126.42,742.77,1898.89,243.23,1017.95,533.22,49.33,160.75,306.38,207.25,73.26,21.8,39.8,20.64,61.61,70.85,39.59,31.77
119.03,742.77,1899.83,242.35,1018.73,530.38,49.33,160.75,323.26,207.72,71.19,21.8,39.8,21.47,61.61,70.85,39.59,31.77
116.57,741.8,1900.77,256.4,1019.51,561.62,50.48,166.28,378.75,204.38,79.45,22.72,43.05,23.95,62.51,73.1,39.59,33.64
116.57,741.8,1901.7,239.72,1019.51,523.99,45.89,152.47,364.28,202.95,74.29,21.33,40.62,23.12,62.51,69.72,39.59,31.77
117.39,741.8,1900.77,234.45,1019.51,513.34,44.17,146.94,361.86,197.22,80.48,20.4,39.8,23.12,62.51,68.6,38.95,30.84
132.17,741.8,1902.64,257.28,1021.85,563.04,42.45,145.29,398.05,181.46,81.51,21.8,43.05,25.6,62.51,73.1,38.31,32.71
126.42,743.74,1904.51,240.59,1022.63,526.12,40.73,139.76,370.31,183.37,76.35,20.4,40.62,23.95,61.61,67.47,38.95,30.84
116.57,743.74,1903.58,240.59,1021.07,524.7,43.02,145.29,364.28,192.44,76.35,20.87,40.62,23.95,61.61,67.47,38.95,30.84
135.45,746.66,1901.7,244.11,1019.51,533.93,47.61,157.99,296.73,203.42,76.35,21.33,42.24,20.64,60.7,69.72,39.59,31.77
188.81,752.48,1900.77,239.72,1017.95,522.57,51.63,166.28,197.82,217.27,82.54,21.33,37.37,18.17,59.79,73.1,39.59,31.77
204.41,754.43,1901.7,242.35,1018.73,528.96,52.2,169.04,209.88,219.18,88.74,21.33,40.62,19.82,61.61,73.1,40.22,31.77
219.18,755.4,1900.77,234.45,1017.95,511.92,52.2,167.38,230.39,219.18,88.74,20.87,38.99,18.99,59.79,71.97,40.22,30.84
244.63,757.34,1897.96,241.47,1017.16,527.54,52.78,168.49,348.59,218.71,92.86,21.8,44.68,24.77,65.23,76.47,40.22,31.77
206.87,754.43,1898.89,235.33,1017.95,512.63,48.19,156.33,205.06,212.5,98.02,20.87,38.18,18.99,64.32,71.97,40.22,32.71
162.54,750.54,1900.77,234.45,1018.73,511.92,48.19,155.78,208.67,208.68,83.58,20.87,39.8,18.99,59.79,67.47,39.59,30.84
166.65,751.51,1901.7,244.11,1018.73,533.22,49.91,161.86,200.23,208.2,71.19,21.8,38.99,18.17,58.89,68.6,39.59,31.77
169.11,751.51,1901.7,237.96,1019.51,518.31,49.33,159.1,189.38,209.16,72.23,21.33,34.93,17.34,57.98,70.85,39.59,32.71
120.67,745.69,1903.58,237.96,1021.85,519.02,42.45,143.08,347.39,191.49,73.26,20.87,38.99,22.3,60.7,69.72,38.95,31.77
104.26,743.74,1905.45,239.72,1021.07,523.28,56.79,177.33,293.11,228.26,69.13,21.8,35.74,19.82,62.51,68.6,39.59,31.77
105.08,743.74,1903.58,239.72,1018.73,523.99,59.09,181.19,236.42,232.55,67.07,22.26,35.74,18.99,60.7,70.85,40.22,31.77
103.44,743.74,1904.51,243.23,1020.29,530.38,57.94,180.09,275.02,231.12,68.1,21.8,35.74,19.82,61.61,69.72,40.22,31.77
129.7,746.66,1902.64,239.72,1017.95,523.99,59.09,180.09,203.85,233.51,66.04,21.8,35.74,18.17,59.79,70.85,40.22,31.77
124.78,745.69,1902.64,242.35,1017.16,529.67,59.66,182.3,196.61,233.99,67.07,22.26,37.37,18.17,59.79,71.97,40.22,31.77
129.7,745.69,1900.77,241.47,1017.16,528.25,60.23,182.3,182.14,233.99,70.16,22.26,39.8,18.17,60.7,73.1,40.22,31.77
125.6,745.69,1899.83,239.72,1016.38,525.41,59.66,181.19,195.41,233.51,70.16,21.8,36.55,18.17,60.7,73.1,40.22,31.77
143.66,746.66,1899.83,237.96,1016.38,522.57,59.09,179.54,225.56,233.51,71.19,21.8,35.74,18.99,60.7,70.85,40.22,31.77
123.96,742.77,1903.58,237.08,1019.51,519.02,55.07,172.91,358.24,227.3,78.42,21.8,38.18,22.3,63.42,73.1,39.59,32.71
117.39,742.77,1904.51,243.23,1020.29,531.09,56.22,176.77,348.59,227.78,70.16,21.8,36.55,21.47,62.51,69.72,39.59,31.77
123.96,742.77,1903.58,234.45,1019.51,512.63,53.35,169.04,319.65,225.39,78.42,21.33,36.55,21.47,63.42,69.72,39.59,30.84
125.6,742.77,1904.51,240.59,1020.29,525.41,54.5,172.35,323.26,223.96,74.29,21.8,38.99,23.12,63.42,70.85,39.59,31.77
110.82,742.77,1903.58,243.23,1019.51,531.09,55.64,175.67,312.41,225.87,74.29,21.8,38.99,22.3,62.51,70.85,40.22,31.77
106.72,742.77,1903.58,243.23,1019.51,531.8,56.79,177.88,290.7,228.26,75.32,22.26,40.62,23.12,63.42,71.97,40.22,31.77
107.54,742.77,1904.51,243.23,1019.51,531.09,57.37,178.43,306.38,228.73,74.29,22.26,38.18,22.3,63.42,73.1,40.22,31.77
105.08,742.77,1904.51,234.45,1020.29,513.34,55.64,172.91,314.82,228.73,78.42,21.8,37.37,22.3,63.42,74.22,40.22,32.71
120.67,741.8,1905.45,241.47,1020.29,527.54,56.79,178.43,359.45,228.26,73.26,22.26,37.37,22.3,63.42,70.85,39.59,32.71
116.57,743.74,1907.32,240.59,1021.07,523.99,56.22,176.77,334.12,230.17,71.19,21.8,37.37,21.47,63.42,70.85,40.22,31.77
122.32,744.72,1907.32,240.59,1021.07,523.99,55.64,175.67,342.56,229.69,73.26,21.8,37.37,22.3,63.42,69.72,40.22,31.77
105.9,744.72,1907.32,236.2,1021.07,514.05,55.64,173.46,293.11,231.12,75.32,21.33,36.55,21.47,62.51,69.72,40.22,30.84
109.18,744.72,1907.32,235.33,1021.85,513.34,55.07,171.8,300.35,228.73,79.45,21.33,37.37,22.3,63.42,69.72,40.22,30.84
108.36,744.72,1906.38,258.16,1021.07,563.04,59.09,186.16,325.68,226.82,80.48,23.19,41.43,23.95,62.51,75.35,40.22,33.64
119.85,745.69,1910.13,236.2,1023.41,514.76,52.78,167.93,325.68,223.48,78.42,21.33,38.18,22.3,62.51,68.6,40.22,30.84
143.66,745.69,1909.19,242.35,1023.41,526.12,54.5,172.91,324.47,222.53,74.29,21.8,38.99,23.12,62.51,69.72,40.22,31.77
153.51,745.69,1909.19,237.96,1023.41,517.6,53.35,169.04,332.91,223,79.45,21.8,38.18,23.12,63.42,74.22,40.22,32.71
159.26,746.66,1909.19,239.72,1023.41,519.73,53.35,170.14,378.75,223.48,80.48,21.33,38.99,23.12,63.42,71.97,39.59,32.71
103.44,744.72,1904.51,236.2,1019.51,515.47,56.79,175.67,289.49,232.55,75.32,21.8,35.74,20.64,61.61,73.1,40.22,32.71
103.44,744.72,1904.51,240.59,1019.51,526.12,58.51,180.09,247.27,233.03,68.1,21.8,35.74,18.99,61.61,70.85,40.22,31.77
105.08,744.72,1905.45,243.23,1020.29,531.09,58.51,181.74,244.86,233.51,68.1,22.26,36.55,18.99,60.7,69.72,40.22,31.77
105.08,745.69,1906.38,242.35,1021.07,527.54,57.94,179.54,255.72,232.55,68.1,21.8,36.55,19.82,60.7,69.72,40.22,31.77
105.9,743.74,1904.51,241.47,1019.51,526.83,57.37,178.98,270.19,231.6,68.1,21.8,36.55,19.82,61.61,69.72,40.22,31.77
113.29,745.69,1904.51,234.45,1018.73,514.05,57.94,176.77,194.2,233.51,72.23,21.33,36.55,18.17,60.7,69.72,40.22,30.84
129.7,746.66,1903.58,241.47,1018.73,528.25,60.23,182.85,155.6,234.46,72.23,22.26,38.99,18.17,57.98,71.97,40.22,31.77
137.91,746.66,1901.7,242.35,1017.95,529.67,61.38,183.4,162.84,234.46,73.26,22.26,43.05,18.99,59.79,74.22,40.22,31.77
163.36,748.6,1901.7,241.47,1016.38,528.25,60.81,182.85,161.63,233.51,75.32,22.26,40.62,18.17,60.7,73.1,40.22,31.77
173.21,749.57,1902.64,234.45,1017.16,513.34,59.09,177.88,156.81,233.51,80.48,21.33,40.62,17.34,60.7,75.35,40.22,30.84
112.47,744.72,1902.64,234.45,1017.95,511.92,58.51,176.77,176.11,233.99,75.32,21.33,35.74,17.34,60.7,73.1,40.22,30.84
123.96,746.66,1904.51,242.35,1017.95,528.96,60.23,182.3,173.69,233.51,66.04,22.26,34.12,16.52,57.98,69.72,40.22,31.77
105.08,744.72,1905.45,237.08,1019.51,515.47,58.51,177.88,214.71,233.99,70.16,21.8,33.31,18.17,59.79,73.1,40.22,32.71
101.79,743.74,1905.45,235.33,1020.29,512.63,57.37,175.67,272.6,233.51,70.16,21.8,33.31,18.99,59.79,73.1,40.22,32.71
199.48,748.6,1910.13,259.91,1024.19,564.46,53.92,176.22,418.56,214.89,83.58,22.72,43.05,25.6,63.42,73.1,39.59,33.64
