151.05,817.54,2047.77,267.81,1103.03,556.65,56.22,181.74,294.32,240.67,168.18,22.26,71.48,52.85,95.13,205.79,42.78,32.71
151.87,815.59,2054.33,271.33,1100.69,564.46,57.37,184.51,296.73,238.76,171.28,22.72,74.73,54.5,96.94,214.79,43.42,32.71
146.12,819.48,2073.05,275.72,1109.28,567.3,55.07,179.54,344.98,232.55,146.52,22.72,65.8,48.72,83.35,147.32,43.42,32.71
151.05,820.45,2077.73,276.59,1110.84,568.01,52.78,172.91,351.01,224.91,144.45,22.72,65.8,47.07,79.72,132.7,43.42,32.71
148.59,822.39,2081.48,271.33,1111.62,558.07,51.63,170.14,346.18,225.87,143.42,22.26,64.17,45.42,78.82,125.95,43.42,32.71
155.15,824.33,2084.29,277.47,1114.74,569.43,52.2,173.46,332.91,224.44,147.55,22.72,67.42,46.24,78.82,137.2,43.42,32.71
181.42,823.36,2067.43,274.84,1107.72,565.88,52.78,173.46,275.02,225.87,180.57,22.72,76.36,48.72,90.6,185.55,44.05,32.71
231.5,827.25,2062.75,270.45,1105.38,558.07,55.07,178.98,213.5,231.12,212.55,23.19,87.73,53.68,115.96,332.87,44.69,32.71
275.83,830.16,2058.07,273.96,1103.03,568.72,56.79,183.95,235.21,235.9,234.22,23.19,88.54,56.98,143.14,430.71,44.69,33.64
326.73,833.07,2054.33,287.13,1099.91,597.12,61.95,197.21,388.4,240.67,276.52,24.58,99.1,65.24,176.66,600.52,45.33,34.58
347.25,834.04,2052.45,262.55,1099.91,546,57.94,181.74,373.93,242.1,302.32,23.19,90.98,62.76,191.16,626.38,45.97,33.64
365.31,834.04,2049.64,268.69,1098.35,559.49,59.09,186.72,443.89,244.01,311.6,23.19,95.04,65.24,210.18,665.74,45.97,32.71
365.31,835.01,2050.58,271.33,1099.13,565.17,60.23,189.48,457.15,244.01,310.57,23.65,95.85,66.06,210.18,672.49,45.97,32.71
378.44,835.01,2047.77,262.55,1097.57,546,59.66,184.51,496.96,245.45,314.7,23.19,95.85,65.24,223.77,770.32,46.61,33.64
366.13,834.04,2046.84,261.67,1096.79,545.29,58.51,183.4,465.6,244.97,299.22,22.72,93.42,62.76,213.81,678.11,45.97,32.71
316.05,833.07,2053.39,273.08,1102.25,565.88,58.51,186.16,326.88,240.19,255.89,23.65,92.61,60.28,162.17,501.55,45.33,32.71
357.92,834.04,2048.71,267.81,1098.35,556.65,59.09,186.16,412.52,243.54,267.24,23.19,91.79,61.11,195.69,630.88,45.97,32.71
377.62,835.01,2045.9,263.42,1097.57,546.71,59.09,184.51,452.33,245.45,282.71,22.72,91.79,61.11,205.65,665.74,46.61,31.77
376.8,834.04,2044.03,270.45,1097.57,561.62,60.23,189.48,468.01,244.97,265.17,23.65,95.04,62.76,206.56,693.85,46.61,33.64
385.83,834.04,2044.03,262.55,1096.79,545.29,59.09,183.95,540.38,244.97,287.87,23.19,97.48,63.58,215.62,751.21,46.61,33.64
390.76,835.01,2044.03,270.45,1096.79,561.62,60.23,189.48,559.68,245.45,294.06,23.65,99.1,65.24,219.24,709.6,46.61,32.71
397.32,835.01,2042.15,270.45,1096.79,562.33,60.81,190.03,611.55,245.45,288.9,23.65,101.54,66.06,226.49,747.83,46.61,33.64
399.79,835.98,2043.09,265.18,1096.79,550.97,59.66,186.16,554.86,245.45,286.84,23.19,96.67,64.41,221.96,763.58,46.61,33.64
406.35,835.01,2041.22,286.25,1096.79,594.99,64.25,201.08,607.93,245.45,288.9,25.04,103.17,68.54,218.34,775.95,46.61,34.58
408,835.98,2040.28,267.81,1096.79,557.36,60.81,190.03,557.27,245.45,281.68,23.65,95.85,63.58,223.77,743.34,46.61,33.64
407.18,835.01,2040.28,270.45,1096.01,563.04,60.81,190.03,577.77,244.97,282.71,23.65,97.48,64.41,225.58,751.21,46.61,33.64
404.71,835.01,2040.28,262.55,1095.23,546.71,59.09,185.06,586.22,245.92,305.41,22.72,97.48,64.41,235.55,765.83,46.61,32.71
402.25,834.04,2038.41,267.81,1094.45,556.65,61.95,191.69,607.93,246.88,301.29,23.65,99.92,66.06,240.98,813.06,47.25,33.64
396.5,832.1,2039.34,269.57,1093.67,563.75,61.95,191.69,565.71,245.92,295.1,23.65,99.1,66.06,239.17,810.81,46.61,32.71
398.97,834.04,2039.34,286.25,1094.45,595.7,65.4,202.74,628.44,246.88,297.16,25.04,107.23,69.37,239.17,846.79,47.25,34.58
387.47,834.04,2043.09,268.69,1096.79,558.07,60.23,188.37,510.23,245.45,271.36,23.19,96.67,63.58,226.49,751.21,46.61,32.71
393.22,835.01,2042.15,263.42,1095.23,546,59.09,185.06,599.49,245.92,299.22,22.72,99.92,64.41,233.74,761.33,46.61,31.77
404.71,835.01,2041.22,269.57,1096.79,560.2,60.23,189.48,586.22,245.45,296.13,23.65,97.48,65.24,227.4,750.08,46.61,32.71
415.38,835.98,2041.22,268.69,1096.01,557.36,61.38,191.69,575.36,246.4,300.25,23.65,96.67,65.24,232.83,777.07,47.25,33.64
417.03,835.98,2039.34,265.18,1096.01,550.97,60.81,187.82,578.98,246.4,301.29,23.65,96.67,65.24,231.93,816.43,47.25,33.64
413.74,835.98,2040.28,270.45,1096.01,560.91,60.81,190.03,535.56,245.92,292,23.65,94.23,65.24,228.3,743.34,47.25,32.71
412.1,835.98,2040.28,271.33,1096.01,563.04,61.38,191.14,621.2,246.4,297.16,23.65,100.73,68.54,232.83,770.32,47.25,33.64
413.74,835.98,2042.15,265.18,1096.79,550.97,59.66,187.27,671.86,246.4,337.4,23.19,101.54,66.89,240.08,736.59,47.25,32.71
395.68,835.98,2043.09,268.69,1096.79,558.07,60.81,191.14,582.6,245.92,295.1,23.65,98.29,65.24,221.96,748.96,47.25,33.64
154.33,824.33,2079.61,277.47,1114.74,563.04,49.33,165.17,335.33,219.18,151.68,22.26,64.17,43.77,77.91,123.7,44.05,32.71
139.56,825.3,2096.46,281.86,1118.65,569.43,55.64,181.74,366.69,234.94,134.13,22.72,61.74,47.9,79.72,133.82,43.42,32.71
140.38,825.3,2093.65,272.2,1117.09,552.39,55.07,178.43,348.59,238.76,150.64,22.26,62.55,47.9,83.35,142.82,43.42,31.77
143.66,824.33,2091.78,276.59,1116.31,561.62,56.22,181.74,352.21,239.72,145.48,22.72,63.36,49.55,85.16,145.07,43.42,32.71
145.3,825.3,2089.91,280.11,1115.52,568.72,57.94,185.61,349.8,240.67,147.55,23.19,65.8,50.37,85.16,154.06,44.05,32.71
147.77,825.3,2086.16,280.99,1113.96,572.27,58.51,187.27,336.53,242.1,154.77,23.19,68.24,52.02,88.78,173.18,44.05,33.64
148.59,825.3,2088.97,271.33,1115.52,550.97,57.37,181.74,316.03,242.58,163.02,22.72,66.61,51.2,88.78,179.93,44.05,33.64
146.94,823.36,2078.67,276.59,1108.5,563.75,58.51,185.61,316.03,242.58,160.96,22.72,69.05,52.02,92.41,185.55,44.05,32.71
146.12,824.33,2085.23,280.99,1113.18,569.43,58.51,186.16,317.23,241.63,161.99,23.19,69.86,53.68,93.31,190.05,44.05,33.64
142.02,825.3,2094.59,281.86,1115.52,570.14,57.94,186.16,311.2,240.67,160.96,23.19,69.05,52.85,92.41,192.3,44.05,33.64
142.84,823.36,2082.42,269.57,1110.84,548.84,56.79,180.09,287.08,240.67,174.37,22.72,68.24,52.85,95.13,215.92,44.05,33.64
151.87,823.36,2076.8,276.59,1108.5,564.46,57.37,183.4,253.3,238.76,179.53,23.19,77.98,55.33,99.66,247.4,44.05,32.71
173.21,826.28,2076.8,295.03,1111.62,601.38,60.23,192.24,229.18,235.42,222.87,24.58,91.79,61.93,114.15,317.13,44.69,34.58
146.12,825.3,2091.78,273.96,1117.87,553.81,55.07,176.77,285.87,234.94,185.72,22.72,73.92,53.68,95.13,210.29,44.05,33.64
146.12,825.3,2094.59,281.86,1118.65,570.85,56.79,182.3,313.61,234.46,165.09,23.19,71.48,52.02,88.78,179.93,44.05,32.71
144.48,823.36,2081.48,269.57,1109.28,549.55,54.5,177.33,331.71,237.33,163.02,22.26,66.61,50.37,86.97,157.44,44.05,31.77
149.41,826.28,2089.91,278.35,1115.52,564.46,57.94,184.51,303.97,240.19,161.99,22.72,69.05,52.02,91.5,191.18,44.05,32.71
140.38,823.36,2085.23,280.11,1111.62,567.3,55.64,181.74,349.8,239.72,176.44,22.72,69.86,54.5,97.84,176.56,44.05,32.71
138.74,823.36,2088.03,277.47,1113.18,563.04,58.51,185.61,303.97,240.19,170.25,23.19,69.05,54.5,95.13,206.92,44.05,32.71
138.74,821.42,2087.1,278.35,1110.84,568.01,56.79,183.4,325.68,237.33,175.41,23.19,73.92,56.98,98.75,212.54,44.05,32.71
139.56,814.62,2084.29,292.4,1104.6,599.25,60.81,194.45,338.95,236.85,192.95,24.58,83.67,61.93,101.47,233.91,44.05,34.58
140.38,815.59,2086.16,273.96,1105.38,560.91,57.37,184.51,320.85,236.85,178.5,23.19,77.17,57.8,99.66,214.79,44.05,32.71
137.09,814.62,2081.48,274.84,1103.82,563.75,60.23,187.27,290.7,239.72,176.44,23.65,70.67,55.33,100.56,228.29,44.05,32.71
142.02,815.59,2079.61,267.81,1103.03,549.55,60.81,185.06,256.92,244.49,184.69,23.19,68.24,52.85,102.37,236.16,44.05,31.77
141.2,815.59,2078.67,290.64,1102.25,597.83,65.4,199.97,288.28,243.54,178.5,25.04,72.3,56.98,100.56,240.66,44.05,34.58
139.56,815.59,2079.61,275.72,1103.03,565.17,61.38,189.48,294.32,243.54,171.28,23.65,69.86,54.5,99.66,223.79,44.05,32.71
137.91,815.59,2080.54,277.47,1103.03,569.43,61.38,190.03,313.61,242.58,171.28,23.65,71.48,56.15,99.66,221.54,44.05,33.64
136.27,814.62,2081.48,275.72,1103.03,565.17,59.09,186.72,320.85,240.19,168.18,23.19,69.05,55.33,97.84,210.29,44.05,32.71
134.63,815.59,2085.23,267.81,1105.38,547.42,56.79,179.54,331.71,239.24,177.47,22.72,69.05,55.33,96.03,194.55,44.05,31.77
151.05,815.59,2073.05,271.33,1099.91,559.49,61.95,191.14,244.86,244.97,205.33,23.65,81.23,61.11,116.87,309.25,44.05,32.71
155.15,817.54,2074.93,273.96,1101.47,565.88,60.23,188.93,242.45,243.06,215.65,23.65,87.73,64.41,123.21,337.37,44.69,32.71
137.91,817.54,2086.16,268.69,1106.94,548.84,58.51,182.3,253.3,242.1,210.49,22.72,77.98,61.11,115.06,309.25,44.05,33.64
136.27,816.57,2088.03,268.69,1108.5,550.26,57.37,181.74,261.75,241.15,204.3,22.72,76.36,58.63,112.34,277.77,44.05,31.77
136.27,816.57,2085.23,276.59,1106.94,566.59,59.66,187.82,273.81,241.63,189.85,23.19,77.17,59.46,110.53,278.89,44.05,32.71
137.09,816.57,2087.1,277.47,1107.72,568.72,59.66,187.82,287.08,241.63,188.82,23.19,76.36,58.63,110.53,260.9,44.05,32.71
140.38,816.57,2085.23,276.59,1105.38,565.88,60.23,188.37,301.55,241.63,174.37,23.19,69.86,55.33,101.47,227.16,44.05,32.71
142.02,816.57,2086.16,267.81,1105.38,547.42,58.51,182.3,299.14,243.54,180.57,22.72,67.42,52.85,101.47,210.29,43.42,31.77
147.77,816.57,2089.91,276.59,1107.72,565.17,60.23,188.37,320.85,242.1,161.99,23.19,68.24,54.5,93.31,205.79,43.42,32.71
155.15,818.51,2096.46,279.23,1110.84,568.01,59.09,186.16,342.56,240.67,157.87,23.19,65.8,52.85,90.6,175.43,43.42,32.71
138.74,816.57,2089.91,271.33,1106.94,554.52,59.66,184.51,310,241.63,158.9,23.19,63.36,51.2,89.69,192.3,44.05,33.64
137.09,817.54,2092.72,295.03,1108.5,601.38,62.53,197.21,341.36,240.19,159.93,24.58,68.24,53.68,89.69,185.55,44.05,34.58
141.2,818.51,2092.72,275.72,1109.28,562.33,59.09,185.61,297.93,241.63,165.09,23.19,72.3,56.98,97.84,235.03,43.42,32.71
138.74,817.54,2087.1,268.69,1106.16,550.26,59.09,183.95,265.37,243.54,214.62,22.72,76.36,59.46,112.34,285.64,44.05,31.77
155.15,818.51,2092.72,269.57,1109.28,548.84,57.37,181.74,290.7,240.67,180.57,22.72,72.3,56.98,101.47,251.9,43.42,33.64
149.41,818.51,2091.78,273.96,1109.28,558.78,59.09,185.06,279.84,241.63,195.01,23.19,72.3,58.63,106,272.14,43.42,33.64
136.27,817.54,2088.97,275.72,1108.5,563.04,59.66,186.16,316.03,242.1,165.09,23.19,67.42,53.68,97.84,210.29,44.05,32.71
142.84,817.54,2088.03,273.96,1106.94,558.78,59.09,185.61,265.37,242.58,200.17,23.19,73.11,58.63,110.53,283.39,44.05,32.71
143.66,818.51,2088.97,273.96,1106.94,560.2,60.81,188.37,267.78,243.06,205.33,23.65,79.61,61.11,115.06,300.26,44.05,32.71
141.2,817.54,2088.03,277.47,1107.72,565.88,60.23,188.37,236.42,242.58,213.58,23.19,81.23,61.93,125.02,357.61,44.05,32.71
144.48,817.54,2088.97,278.35,1108.5,568.01,60.81,188.93,247.27,242.58,208.42,23.65,82.04,61.93,120.49,329.5,44.05,32.71
145.3,818.51,2089.91,279.23,1109.28,568.72,60.81,188.93,246.07,242.58,210.49,23.65,84.48,61.93,118.68,328.37,44.05,32.71
144.48,817.54,2089.91,280.11,1109.28,570.14,60.23,188.93,234,241.63,214.62,23.65,82.86,61.93,124.12,349.74,44.05,33.64
144.48,817.54,2088.97,278.35,1108.5,567.3,60.23,187.82,230.39,241.63,217.71,23.19,82.86,61.93,125.93,356.49,44.05,32.71
144.48,818.51,2088.03,270.45,1108.5,550.97,58.51,182.85,225.56,242.58,227,22.72,80.42,60.28,125.93,342.99,44.05,31.77
161.72,819.48,2094.59,276.59,1113.18,560.91,56.79,180.64,244.86,233.03,209.46,23.19,77.98,56.98,112.34,302.51,44.05,32.71
197.84,819.48,2058.07,263.42,1096.79,546.71,62.53,187.82,545.21,248.79,314.7,23.19,108.85,71.02,307.12,1133.56,45.97,31.77
293.89,825.3,2045.9,268.69,1092.11,561.62,65.97,195,774.39,249.27,296.13,24.11,112.91,71.02,340.64,1289.87,47.25,32.71
304.56,825.3,2045.9,268.69,1091.32,562.33,66.54,195.56,791.27,249.74,287.87,24.11,112.91,71.02,339.73,1289.87,47.25,32.71
310.31,826.28,2044.03,269.57,1092.11,563.04,65.97,195,850.38,248.79,288.9,24.11,114.54,71.02,343.36,1311.24,47.25,33.64
318.52,826.28,2044.03,264.3,1090.54,552.39,64.82,191.69,1008.39,248.79,337.4,24.11,121.04,74.32,348.79,1348.35,47.25,33.64
382.55,828.22,2039.34,264.3,1088.98,555.94,65.4,194.45,821.43,246.88,321.92,24.11,109.66,70.19,346.08,1283.12,47.89,32.71
