128.06,802,2011.25,265.18,1171.73,605.64,64.82,193.9,408.91,247.83,247.63,23.19,85.29,99.09,173.04,445.33,44.69,33.64
128.06,805.89,2023.43,265.18,1174.07,602.8,63.68,190.58,405.29,248.31,248.66,23.19,84.48,97.44,172.13,429.58,44.69,32.71
147.77,810.74,2036.54,273.96,1191.25,622.68,62.53,190.03,455.95,243.54,210.49,23.19,77.17,89.18,132.27,290.14,44.05,33.64
169.93,813.65,2046.84,277.47,1201.39,629.07,61.95,188.93,468.01,241.63,211.52,23.19,77.17,88.36,126.83,275.52,44.69,33.64
167.47,814.62,2049.64,274.84,1202.96,621.26,61.38,186.72,461.98,242.1,214.62,23.19,76.36,87.53,126.83,273.27,44.69,32.71
167.47,815.59,2049.64,279.23,1202.96,631.2,62.53,190.03,470.42,242.1,215.65,23.65,77.98,89.18,127.74,276.64,44.69,33.64
167.47,815.59,2051.52,274.84,1202.17,619.84,61.95,187.27,457.15,243.06,217.71,23.19,77.17,88.36,129.55,281.14,44.69,33.64
172.39,816.57,2052.45,277.47,1203.74,625.52,61.95,188.37,461.98,242.58,207.39,23.19,74.73,86.71,124.12,260.9,44.69,33.64
167.47,815.59,2053.39,280.11,1204.52,631.91,62.53,189.48,471.63,242.1,207.39,23.65,74.73,85.88,120.49,250.78,44.69,33.64
171.57,814.62,2050.58,270.45,1204.52,609.9,59.66,181.74,453.54,240.67,215.65,22.72,71.48,81.75,119.59,236.16,44.69,32.71
188.81,817.54,2058.07,279.23,1216.23,632.62,59.66,182.3,475.25,234.94,189.85,23.19,71.48,79.27,109.62,202.42,45.33,33.64
183.89,816.57,2054.33,270.45,1212.32,614.87,58.51,177.88,460.77,234.94,203.27,22.72,69.86,78.45,110.53,203.55,45.33,32.71
178.14,816.57,2056.2,277.47,1212.32,628.36,59.66,182.3,468.01,235.9,196.04,23.19,72.3,80.93,111.43,209.17,45.33,32.71
174.03,816.57,2057.14,271.33,1212.32,612.03,58.51,178.43,461.98,236.37,200.17,22.72,69.86,77.62,109.62,199.05,45.33,32.71
169.11,814.62,2053.39,276.59,1209.2,624.81,60.23,182.85,470.42,236.85,193.98,23.19,71.48,79.27,110.53,206.92,45.33,32.71
165,814.62,2051.52,278.35,1207.64,629.07,60.81,184.51,470.42,237.33,196.04,23.19,72.3,80.93,111.43,211.42,45.33,33.64
163.36,814.62,2053.39,271.33,1207.64,611.32,59.09,180.09,455.95,237.33,203.27,22.72,70.67,78.45,110.53,206.92,45.33,32.71
165,814.62,2052.45,280.11,1207.64,631.91,60.81,184.51,472.83,237.81,198.11,23.19,72.3,80.1,112.34,206.92,45.33,33.64
169.93,815.59,2055.26,279.23,1210.76,629.07,60.81,183.95,470.42,236.37,193.98,23.19,72.3,80.1,110.53,209.17,45.33,32.71
165.83,814.62,2053.39,280.11,1209.2,631.91,61.38,185.06,474.04,236.85,196.04,23.19,73.11,80.93,111.43,210.29,45.33,33.64
164.18,814.62,2052.45,278.35,1208.42,628.36,60.81,183.95,468.01,236.37,198.11,23.19,73.11,80.93,112.34,212.54,45.33,32.71
162.54,814.62,2053.39,270.45,1208.42,609.9,59.09,177.88,455.95,235.9,209.46,22.72,71.48,79.27,111.43,206.92,45.97,32.71
160.9,814.62,2051.52,279.23,1206.86,628.36,61.38,183.95,465.6,236.85,196.04,23.19,73.11,80.93,111.43,213.67,45.97,32.71
160.9,815.59,2052.45,274.84,1206.08,618.42,60.23,181.19,461.98,236.85,207.39,23.19,73.11,81.75,111.43,220.41,45.97,33.64
155.97,813.65,2049.64,269.57,1204.52,606.35,60.23,181.19,447.5,237.33,207.39,23.19,73.92,83.4,112.34,238.41,45.97,33.64
142.02,812.68,2048.71,275.72,1195.15,617.71,62.53,187.82,443.89,243.06,221.84,23.19,77.17,88.36,128.65,272.14,45.97,32.71
137.09,812.68,2045.9,293.28,1191.25,657.47,67.69,202.18,470.42,245.45,236.28,25.04,83.67,94.96,132.27,299.13,45.97,35.51
137.91,812.68,2047.77,268.69,1192.03,600.67,61.38,185.06,436.65,244.97,231.12,22.72,74.73,85.88,128.65,259.77,45.97,32.71
142.84,812.68,2049.64,277.47,1194.37,621.26,63.1,190.58,457.15,244.49,215.65,23.65,76.36,89.18,125.93,269.89,45.97,33.64
142.84,811.71,2044.96,276.59,1192.81,619.13,63.1,190.58,453.54,245.45,222.87,23.65,77.98,90.01,131.36,284.51,45.33,33.64
144.48,811.71,2045.9,278.35,1192.81,621.26,63.68,191.69,445.09,245.45,234.22,23.65,79.61,92.49,136.8,310.38,45.33,33.64
142.02,810.74,2043.09,267.81,1190.47,599.25,61.95,186.16,429.41,245.45,245.57,23.19,80.42,92.49,137.71,321.62,45.97,33.64
136.27,810.74,2043.09,272.2,1187.34,607.77,63.1,188.93,431.82,245.92,250.73,23.19,82.86,95.79,142.24,335.12,45.97,33.64
136.27,811.71,2044.96,270.45,1193.59,603.51,61.38,183.95,441.47,243.06,222.87,22.72,74.73,84.23,122.3,240.66,45.97,32.71
141.2,812.68,2045.9,279.23,1197.49,625.52,61.95,187.27,465.6,241.15,198.11,23.19,73.92,81.75,115.06,218.16,45.97,33.64
152.69,813.65,2052.45,273.08,1209.2,610.61,57.94,175.67,457.15,234.46,199.14,22.72,69.05,73.49,106,181.05,45.97,32.71
164.18,814.62,2052.45,280.99,1214.66,629.07,58.51,177.33,472.83,228.73,184.69,23.19,70.67,74.32,102.37,174.31,45.97,32.71
170.75,814.62,2050.58,272.2,1214.66,612.03,56.22,170.14,452.33,225.87,185.72,22.26,67.42,69.37,98.75,164.19,45.97,32.71
177.32,814.62,2050.58,280.99,1219.35,631.2,56.79,172.91,465.6,223,172.31,22.72,67.42,69.37,96.94,161.94,45.97,32.71
178.14,813.65,2049.64,273.08,1219.35,614.87,55.07,167.38,455.95,222.53,180.57,22.26,65.8,66.89,96.94,157.44,45.97,31.77
178.96,814.62,2050.58,298.55,1217.79,672.38,60.23,183.4,495.75,223,180.57,24.11,72.3,73.49,97.84,170.93,45.97,34.58
167.47,813.65,2051.52,274.84,1216.23,616.29,56.79,172.35,459.57,225.87,185.72,22.26,68.24,71.02,98.75,166.44,45.97,31.77
151.05,811.71,2044.03,277.47,1196.71,620.55,61.95,187.27,455.95,240.67,206.36,23.19,74.73,84.23,116.87,230.54,45.97,33.64
133.81,810.74,2041.22,266.94,1185.78,592.86,63.1,187.82,402.87,245.92,242.47,22.72,82.86,94.96,139.52,395.85,45.97,32.71
127.24,810.74,2038.41,276.59,1174.85,614.16,65.97,195.56,406.49,248.79,250.73,23.65,86.92,100.74,166.7,437.45,46.61,33.64
134.63,808.8,2029.05,273.08,1163.92,608.48,67.12,196.66,376.34,250.22,287.87,23.65,95.04,110.65,211.09,591.52,46.61,33.64
137.91,809.77,2030.92,275.72,1165.48,610.61,67.12,197.21,375.13,250.22,302.32,24.11,98.29,112.31,223.77,615.14,47.25,33.64
148.59,809.77,2023.43,269.57,1152.99,598.54,67.69,197.21,377.54,251.65,404.47,23.65,119.41,132.12,354.23,1096.45,47.89,33.64
145.3,809.77,2024.36,267.81,1152.21,594.28,66.54,195,359.45,251.18,393.12,23.65,108.85,126.34,346.98,988.49,47.25,32.71
128.88,808.8,2029.05,265.18,1160.8,589.31,64.25,190.58,358.24,251.18,377.64,23.19,96.67,112.31,298.97,685.98,46.61,32.71
125.6,808.8,2031.85,273.96,1168.61,608.48,65.4,195.56,385.99,250.22,301.29,23.65,92.61,108.18,223.77,565.65,46.61,33.64
129.7,808.8,2037.47,266.94,1175.63,593.57,63.68,189.48,392.02,249.27,275.49,23.19,87.73,103.22,178.47,484.69,45.97,33.64
130.53,809.77,2037.47,275.72,1176.41,612.74,64.82,194.45,401.67,248.79,269.3,23.65,88.54,104.05,182.1,471.19,45.97,33.64
132.99,808.8,2037.47,275.72,1177.98,612.03,64.82,193.9,399.26,248.79,271.36,23.65,89.36,103.22,181.19,470.07,45.97,33.64
134.63,809.77,2041.22,273.96,1180.32,607.77,63.68,190.58,406.49,248.31,275.49,23.19,87.73,101.57,182.1,447.58,46.61,32.71
142.84,810.74,2043.09,268.69,1185.78,597.83,62.53,186.72,396.84,247.36,275.49,22.72,84.48,98.27,170.32,423.96,45.97,32.71
144.48,810.74,2045.9,278.35,1188.12,617.71,64.25,192.24,419.76,246.4,254.86,23.65,85.29,99.09,162.17,407.09,45.97,33.64
147.77,810.74,2045.9,278.35,1188.12,619.13,64.82,194.45,417.35,246.4,249.7,23.65,87.73,100.74,158.54,423.96,45.97,33.64
143.66,810.74,2043.09,280.11,1185.78,622.68,64.82,194.45,427,246.88,257.95,23.65,86.92,100.74,162.17,410.46,45.97,33.64
149.41,811.71,2045.9,274.84,1188.9,611.32,63.1,190.03,419.76,246.4,251.76,23.19,84.48,97.44,158.54,386.85,45.97,32.71
143.66,810.74,2044.03,268.69,1185.78,597.83,62.53,186.72,411.32,247.36,263.11,23.19,84.48,99.09,161.26,409.34,45.97,33.64
153.51,811.71,2045.9,278.35,1189.68,618.42,63.68,192.24,424.59,246.88,247.63,23.65,84.48,98.27,159.45,393.6,45.97,33.64
161.72,811.71,2044.96,280.11,1190.47,623.39,63.68,192.24,434.24,245.45,241.44,23.65,83.67,97.44,152.2,371.11,45.33,33.64
162.54,810.74,2044.03,269.57,1190.47,599.96,61.38,185.61,420.97,245.45,253.82,22.72,80.42,93.31,150.39,353.11,45.33,32.71
159.26,810.74,2044.03,273.08,1188.9,607.06,63.68,191.14,419.76,245.92,244.54,23.65,86.92,101.57,152.2,423.96,45.33,34.58
160.08,809.77,2039.34,267.81,1185.78,594.99,61.38,185.61,414.94,246.88,257.95,22.72,82.04,94.96,157.64,375.6,45.33,32.71
159.26,809.77,2038.41,275.72,1183.44,615.58,63.68,192.24,433.03,246.88,248.66,23.65,84.48,98.27,158.54,386.85,45.97,33.64
173.21,809.77,2038.41,268.69,1187.34,598.54,61.38,185.61,429.41,245.45,244.54,23.19,81.23,95.79,144.05,351.99,45.33,33.64
178.96,810.74,2042.15,294.16,1189.68,655.34,65.97,201.63,474.04,244.97,240.41,24.58,85.29,98.27,141.33,342.99,45.33,34.58
179.78,810.74,2041.22,277.47,1188.9,618.42,61.95,190.03,447.5,244.97,227,23.19,78.8,92.49,139.52,316,45.33,33.64
187.99,810.74,2041.22,273.96,1189.68,610.61,61.38,187.82,436.65,244.49,220.81,23.19,77.98,90.84,138.61,312.63,45.33,32.71
196.2,811.71,2044.03,270.45,1193.59,603.51,60.81,184.51,437.85,243.54,230.09,23.19,77.98,91.66,136.8,318.25,45.33,33.64
197.84,811.71,2044.03,276.59,1194.37,617.71,61.95,188.37,445.09,243.06,219.77,23.19,76.36,89.18,134.99,295.76,45.33,32.71
164.18,812.68,2051.52,271.33,1195.15,602.09,60.23,183.95,437.85,244.01,225.96,22.72,75.55,87.53,133.18,285.64,45.33,32.71
169.11,811.71,2047.77,278.35,1193.59,620.55,61.95,188.93,449.92,243.54,220.81,23.19,78.8,90.84,134.99,299.13,45.33,32.71
157.62,811.71,2049.64,276.59,1192.81,615.58,62.53,190.03,447.5,243.54,218.74,23.65,78.8,90.84,134.08,300.26,45.33,33.64
160.9,812.68,2049.64,271.33,1195.15,604.22,60.81,184.51,442.68,243.06,231.12,23.19,77.98,90.84,129.55,295.76,45.33,33.64
155.97,812.68,2048.71,273.96,1194.37,608.48,61.95,186.16,437.85,243.54,235.25,23.19,78.8,92.49,134.08,308.13,45.97,33.64
151.05,811.71,2047.77,279.23,1193.59,621.26,63.1,190.03,447.5,243.54,228.03,23.65,80.42,92.49,136.8,309.25,45.97,33.64
146.94,809.77,2041.22,277.47,1187.34,618.42,63.1,190.58,440.27,244.01,236.28,23.19,81.23,93.31,144.05,322.75,45.97,33.64
143.66,810.74,2043.09,275.72,1186.56,615.58,63.1,190.58,434.24,244.49,230.09,23.19,81.23,93.31,141.33,330.62,45.97,32.71
136.27,809.77,2042.15,272.2,1184.22,606.35,62.53,187.82,425.79,244.97,248.66,23.19,81.23,92.49,144.05,329.5,45.97,32.71
136.27,809.77,2041.22,274.84,1184.22,612.03,63.68,190.03,424.59,245.45,235.25,23.19,81.23,93.31,144.95,336.24,45.97,32.71
132.99,808.8,2039.34,270.45,1180.32,602.8,63.1,188.37,412.52,245.92,252.79,23.19,83.67,97.44,152.2,385.72,46.61,33.64
135.45,809.77,2043.09,268.69,1185,597.83,61.38,185.06,414.94,244.49,252.79,22.72,80.42,91.66,147.67,339.62,45.97,32.71
130.53,808.8,2037.47,291.52,1178.76,648.95,68.27,203.29,436.65,246.4,274.46,24.58,90.98,104.87,166.7,432.96,46.61,34.58
128.88,808.8,2037.47,275.72,1176.41,613.45,64.82,193.35,405.29,247.36,261.05,23.65,87.73,101.57,170.32,430.71,46.61,33.64
129.7,809.77,2039.34,267.81,1177.19,594.28,63.68,188.37,387.19,247.36,286.84,23.19,88.54,103.22,178.47,481.31,46.61,33.64
129.7,808.8,2039.34,272.2,1174.07,602.8,65.4,193.9,387.19,248.31,285.81,23.65,90.17,104.05,191.16,494.81,46.61,33.64
127.24,807.83,2036.54,267.81,1172.51,591.44,63.1,187.82,389.61,248.79,277.56,22.72,86.11,99.92,179.38,449.82,46.61,32.71
126.42,807.83,2036.54,272.2,1170.95,602.09,64.82,192.24,388.4,248.79,279.62,23.19,90.17,104.87,192.97,508.3,46.61,32.71
128.06,807.83,2034.66,266.06,1168.61,588.6,64.25,188.93,367.89,249.27,310.57,22.72,91.79,104.87,209.28,548.79,46.61,32.71
130.53,806.86,2029.98,273.08,1165.48,604.22,66.54,195,367.89,249.74,303.35,23.65,95.85,110.65,215.62,597.14,47.25,33.64
140.38,807.83,2028.11,273.08,1161.58,604.22,67.12,196.11,366.69,250.22,305.41,23.65,99.1,113.13,229.21,630.88,47.89,33.64
139.56,806.86,2024.36,267.81,1159.24,594.99,66.54,195,365.48,250.22,296.13,23.65,95.04,109.83,221.05,599.39,47.25,33.64
136.27,806.86,2027.17,264.3,1160.02,585.05,64.82,189.48,355.83,249.74,317.8,23.19,93.42,108.18,224.68,610.64,47.25,32.71
132.17,805.89,2025.3,272.2,1159.24,604.22,67.12,196.11,369.1,250.22,308.51,23.65,96.67,112.31,227.4,628.63,47.25,33.64
128.88,805.89,2026.24,271.33,1160.02,602.09,66.54,195,369.1,250.22,300.25,23.65,95.04,109.83,220.15,598.27,47.25,32.71
128.06,808.8,2040.28,277.47,1181.88,614.87,64.25,192.79,424.59,246.88,238.35,23.65,82.86,94.96,147.67,346.36,46.61,33.64
146.12,810.74,2050.58,277.47,1199.83,616.29,60.81,184.51,454.74,240.19,198.11,23.19,73.11,81.75,114.15,218.16,45.97,32.71
