315.23,835.01,2217.25,313.47,1229.5,615.58,86.05,207.16,2319.54,275.53,2786.9,27.36,419.16,266.73,565.32,1176.29,52.36,33.64
311.13,830.16,2211.63,319.62,1221.69,622.68,87.2,209.92,2366.59,274.58,2683.72,27.82,423.22,269.2,569.85,1175.17,52.99,33.64
312.77,827.25,2206.01,339.82,1213.1,661.02,93.51,224.83,2909.38,274.58,2851.9,29.68,468.71,294.8,616.96,1418.07,53.63,35.51
335.76,824.33,2190.1,315.23,1192.81,616.29,91.21,215.99,3437.7,279.83,2915.88,28.29,475.21,298.11,733.83,1545.15,54.91,33.64
350.53,822.39,2176.05,314.35,1184.22,613.45,92.93,219.31,3464.24,282.22,2967.47,28.75,477.65,299.76,755.57,1559.77,54.91,34.58
345.61,823.36,2183.54,315.23,1187.34,613.45,91.79,217.65,2709.15,281.26,2812.7,28.75,464.65,293.15,613.33,1271.88,54.91,33.64
348.89,823.36,2185.41,309.08,1188.12,604.93,91.21,216.55,2829.77,281.26,2728.09,28.75,444.34,277.46,552.63,1276.38,54.91,33.64
376.8,825.3,2187.29,305.57,1191.25,595.7,88.34,210.47,2347.29,281.26,2744.6,27.82,419.97,263.42,542.67,1073.96,55.55,32.71
367.77,828.22,2200.4,320.5,1202.96,622.68,90.64,215.44,1993.87,278.4,2439.18,28.75,410.22,255.99,451.17,878.28,54.91,34.58
322.62,830.16,2221.93,320.5,1221.69,617.71,87.2,207.71,1563.25,272.67,2299.89,28.29,375.29,238.65,348.79,721.97,53.63,34.58
299.63,829.19,2223.8,326.65,1227.94,626.94,84.9,203.29,1459.51,268.37,2229.73,27.82,368.8,234.52,350.61,644.37,52.99,33.64
296.35,829.19,2222.87,326.65,1227.94,627.65,87.2,207.71,1651.3,267.89,2268.94,28.29,379.36,240.3,361.48,736.59,52.99,33.64
337.4,826.28,2194.78,322.25,1206.86,621.26,88.92,212.13,2554.75,274.1,2574.35,28.75,406.98,253.51,559.88,1107.69,54.91,33.64
316.05,827.25,2206.01,319.62,1218.57,612.03,86.62,206.05,2584.91,270.28,2642.45,28.29,398.85,249.38,552.63,1216.78,54.27,34.58
346.43,825.3,2183.54,319.62,1200.61,614.87,90.06,214.34,3698.24,276.49,2701.26,29.21,411.85,255.99,770.06,1555.27,55.55,34.58
362.85,823.36,2176.99,311.72,1189.68,604.93,90.64,214.89,4172.28,277.44,2737.37,29.21,408.6,253.51,861.57,1705.96,56.19,34.58
362.02,823.36,2173.24,308.21,1190.47,599.25,88.92,211.02,4156.6,277.92,2850.87,28.29,405.35,251.04,862.47,1664.35,56.19,33.64
362.85,823.36,2172.3,312.6,1190.47,605.64,90.06,213.78,4267.57,278.4,2754.91,28.75,410.22,254.34,876.97,1717.21,56.19,34.58
351.35,823.36,2176.99,312.6,1195.15,605.64,91.21,215.44,4096.29,278.4,2721.9,29.21,409.41,254.34,851.6,1693.59,56.19,34.58
350.53,825.3,2183.54,305.57,1198.27,591.44,88.92,211.58,4446.09,278.4,2836.43,28.75,401.29,249.38,825.33,1779.06,56.19,33.64
389.94,822.39,2160.13,312.6,1181.88,606.35,91.79,218.2,4745.23,281.74,2741.5,29.21,412.66,255.16,939.48,1822.91,57.46,34.58
385.83,822.39,2159.2,313.47,1181.88,607.77,92.36,218.76,4570.33,282.22,2754.91,29.21,407.79,254.34,924.08,1809.42,57.46,34.58
343.14,825.3,2187.29,309.96,1202.96,595.7,87.77,208.81,3552.29,276.49,2787.93,28.29,399.66,247.73,721.14,1476.55,55.55,33.64
387.47,822.39,2162.94,307.33,1183.44,595.7,90.64,214.34,4456.95,281.26,2836.43,29.21,406.16,252.69,905.96,1855.53,57.46,35.51
426.06,815.59,2123.62,304.69,1155.34,596.41,95.8,224.83,6143.23,288.9,2770.39,30.14,407.79,254.34,1200.39,2375.07,60.66,35.51
434.27,811.71,2104.89,293.28,1141.29,576.53,94.65,221.52,6636.57,291.77,2778.65,29.68,384.23,237.82,1339,2592.11,62.57,34.58
435.09,811.71,2104.89,301.18,1142.85,592.15,97.52,227.6,6810.27,290.81,2664.12,30.14,394.79,245.26,1321.79,2679.83,62.57,35.51
436.73,811.71,2103.95,292.4,1141.29,575.82,95.23,222.07,6661.9,290.81,2750.79,29.68,384.23,240.3,1326.32,2774.29,62.57,36.45
435.91,809.77,2097.4,313.47,1135.82,620.55,102.68,239.75,7277.07,291.29,2722.93,32,408.6,252.69,1338.1,2806.91,63.21,37.38
420.31,817.54,2131.11,306.45,1162.36,597.83,95.23,223.73,5932.14,287.95,2778.65,29.68,410.22,254.34,1159.63,2288.48,60.02,34.58
244.63,834.04,2261.26,352.11,1263.84,659.6,74,182.85,843.14,255.47,2017.18,25.97,218.52,172.59,281.75,218.16,51.72,32.71
234.78,849.58,2358.64,354.74,1306.78,663.86,72.28,187.27,862.44,242.1,871.87,25.51,188.46,165.98,148.58,208.04,48.52,33.64
231.5,846.67,2336.16,339.82,1283.36,637.59,72.28,187.27,897.42,251.65,1123.63,25.04,217.7,185.8,169.41,247.4,48.52,32.71
234.78,843.75,2314.63,348.6,1266.97,656.05,77.44,199.97,991.51,257.86,1317.61,25.97,262.38,214.7,196.59,323.87,49.16,33.64
244.63,841.81,2299.65,336.3,1261.5,634.04,78.59,197.21,1073.53,261.68,1700.41,25.97,313.56,236.17,241.89,435.21,50.44,32.71
244.63,841.81,2298.71,345.96,1262.28,651.79,81.46,203.84,1145.9,263.12,1837.64,26.9,335.49,249.38,260.92,492.56,50.44,33.64
247.92,841.81,2295.9,345.08,1263.06,649.66,82.03,203.29,1156.76,263.12,1864.47,26.9,341.18,250.21,262.73,498.18,50.44,33.64
252.84,837.93,2277.17,338.06,1255.26,638.3,83.18,202.74,1381.11,266.46,2315.37,27.36,385.04,258.47,330.67,656.74,51.72,33.64
252.84,837.93,2276.24,332.79,1254.48,626.94,82.61,200.53,1375.08,266.46,2411.32,27.36,380.17,255.99,338.83,702.85,51.72,34.58
252.84,837.93,2277.17,338.06,1255.26,637.59,84.33,205.5,1400.41,266.46,2325.68,27.82,385.86,257.64,337.92,673.61,51.72,33.64
252.84,837.93,2277.17,341.57,1256.04,645.4,84.33,205.5,1383.52,265.98,2315.37,27.82,391.54,262.6,329.77,636.5,51.72,33.64
253.66,838.9,2280.92,330.16,1256.04,624.81,81.46,197.76,1300.3,265.5,2352.51,26.9,375.29,255.16,319.8,597.14,51.72,32.71
254.48,838.9,2279.05,341.57,1256.82,646.11,84.33,204.95,1335.28,265.98,2249.33,27.82,389.1,264.25,318.9,616.26,51.72,33.64
253.66,839.87,2282.79,331.04,1259.16,624.1,81.46,197.76,1224.3,265.03,2223.54,26.9,363.92,255.99,300.78,608.39,51.72,34.58
252.84,841.81,2293.09,337.18,1263.06,634.75,80.31,198.87,1116.95,263.59,2026.46,26.43,333.87,245.26,269.98,501.55,51.08,34.58
242.17,842.78,2306.2,343.33,1266.19,644.69,80.31,201.63,1083.18,261.21,1704.54,26.43,315.18,239.48,240.98,431.83,50.44,33.64
239.71,843.75,2309.01,339.82,1266.19,637.59,78.02,197.21,1059.05,260.73,1690.09,25.97,303,237,236.45,448.7,49.8,33.64
235.6,843.75,2309.95,347.72,1263.84,652.5,78.02,201.08,1072.32,259.3,1536.36,25.97,294.06,236.17,228.3,421.71,49.16,33.64
233.96,842.78,2307.14,334.55,1260.72,629.07,74.58,193.35,1026.49,258.82,1604.45,25.04,280.25,227.09,231.93,405.97,49.16,32.71
231.5,844.72,2321.18,345.08,1270.87,646.82,74,193.9,960.14,255.95,1262.93,25.04,242.07,204.79,191.16,296.88,49.16,32.71
231.5,847.64,2336.16,347.72,1281.02,648.95,72.28,188.93,910.69,252.13,1168,25.04,214.45,189.1,177.57,264.27,48.52,33.64
240.53,851.52,2362.38,359.13,1302.88,668.12,71.71,188.93,904.66,245.45,941,25.04,199.02,179.19,158.54,230.54,47.89,32.71
264.34,856.37,2382.04,360.01,1329.42,665.99,68.84,177.33,850.38,236.37,840.92,24.58,177.09,161.85,147.67,201.3,47.89,31.77
265.98,856.37,2380.17,368.79,1331.76,681.61,70.56,180.09,862.44,233.99,849.17,25.51,181.96,164.33,145.86,202.42,47.89,32.71
244.63,848.61,2342.72,347.72,1320.05,646.11,74,178.43,834.7,237.81,1191.73,25.97,240.45,179.19,153.11,235.03,49.16,32.71
234.78,839.87,2293.09,336.3,1291.17,630.49,79.74,189.48,1120.57,248.31,1783.99,26.9,327.37,214.7,206.56,468.94,51.08,32.71
257.77,833.07,2248.15,329.28,1257.6,621.26,82.61,195.56,1484.85,260.73,2343.23,27.36,359.86,228.74,353.32,672.49,52.99,32.71
259.41,833.07,2245.34,335.43,1255.26,633.33,85.47,202.74,1554.81,261.21,2269.97,28.29,368.8,235.35,360.57,696.1,52.99,33.64
247.92,835.01,2257.51,341.57,1264.63,641.85,82.61,196.66,1215.86,257.86,2109.01,27.82,345.24,223.79,298.06,513.92,52.36,33.64
242.99,835.01,2264.07,339.82,1269.31,639.01,82.03,195.56,1170.02,255.95,2036.78,27.82,338.74,222.13,268.16,490.31,52.36,33.64
244.63,835.01,2262.19,342.45,1268.53,643.27,82.61,197.21,1177.26,256.43,2037.81,27.82,341.18,223.79,269.98,486.94,52.36,33.64
267.62,833.07,2239.72,339.82,1251.35,641.85,86.62,204.95,1660.95,263.12,2298.86,28.75,379.36,239.48,374.16,736.59,52.99,34.58
262.69,833.07,2243.47,327.52,1253.7,618.42,83.75,197.21,1549.98,262.16,2363.86,27.82,364.73,233.69,366.01,738.84,52.99,34.58
255.31,833.07,2248.15,327.52,1257.6,618.42,82.03,194.45,1454.69,260.25,2339.1,27.36,359.05,229.57,349.7,660.12,52.99,32.71
253.66,833.07,2249.08,338.94,1259.16,640.43,85.47,202.74,1623.56,259.3,2252.43,28.29,376.92,239.48,341.55,780.45,52.99,33.64
367.77,825.3,2171.37,315.23,1194.37,606.35,90.64,215.44,4220.53,279.83,2746.66,29.21,411.04,254.34,857.94,1666.6,56.82,34.58
375.98,825.3,2170.43,309.96,1192.81,594.99,88.92,211.58,4092.67,280.31,2838.49,28.29,408.6,250.21,862.47,1613.75,57.46,33.64
365.31,826.28,2176.05,320.5,1196.71,614.87,90.64,216.55,3705.48,278.87,2726.02,29.21,424.03,259.29,799.05,1490.04,56.82,34.58
370.23,825.3,2171.37,320.5,1192.81,613.45,88.34,211.58,2934.71,279.83,2745.63,28.75,411.85,254.34,803.58,1249.39,56.82,33.64
379.26,827.25,2177.92,316.99,1192.81,611.32,91.79,218.76,3594.51,280.78,2702.29,29.21,417.54,257.64,718.42,1459.68,56.82,34.58
394.86,826.28,2171.37,312.6,1188.12,605.64,92.36,218.76,3981.7,283.65,2724.99,29.21,420.79,259.29,774.59,1589.01,58.1,34.58
397.32,825.3,2164.81,316.99,1186.56,608.48,91.79,217.65,3274.86,284.13,2733.25,29.21,413.47,255.99,793.62,1274.13,58.1,33.64
278.29,835.01,2251.89,332.79,1245.89,630.49,81.46,198.32,925.16,265.98,1788.12,26.9,284.31,197.36,223.77,287.89,52.99,32.71
250.38,839.87,2289.35,342.45,1267.75,644.69,80.31,197.21,880.53,257.38,1264.99,26.9,250.2,187.45,170.32,244.03,51.72,33.64
247.1,840.84,2296.84,347.72,1272.43,654.63,79.74,197.21,890.18,255.95,1193.8,26.9,248.57,188.28,165.79,238.41,51.72,33.64
240.53,842.78,2309.01,338.06,1280.24,635.46,75.72,187.82,845.55,252.61,1124.67,25.97,220.95,175.06,157.64,214.79,51.08,32.71
239.71,842.78,2311.82,352.11,1281.8,661.02,78.02,195,882.95,252.61,1067.92,26.9,225.83,180.84,156.73,221.54,51.08,33.64
241.35,843.75,2307.14,337.18,1266.97,629.07,76.87,195.56,1136.25,259.77,1895.42,25.51,320.87,253.51,283.56,605.01,49.16,33.64
242.17,843.75,2310.88,371.43,1269.31,689.42,82.03,211.02,1214.65,259.3,1906.77,27.36,338.74,266.73,283.56,573.53,49.16,34.58
254.48,850.55,2339.91,357.38,1295.07,659.6,76.87,195.56,1042.17,254.52,1560.09,25.97,285.94,232.04,220.15,393.6,49.16,32.71
242.99,848.61,2334.29,357.38,1300.53,662.44,79.74,196.66,1004.77,252.61,1604.45,26.9,294.06,220.48,203.84,341.87,49.8,33.64
242.17,847.64,2328.67,357.38,1295.85,662.44,79.74,196.11,993.92,255,1583.82,26.9,288.38,217.18,202.93,326.12,50.44,33.64
243.81,849.58,2340.85,360.01,1303.66,667.41,78.02,193.9,961.35,251.18,1440.4,26.9,268.88,211.4,184.82,293.51,49.8,33.64
245.45,849.58,2343.65,360.89,1308.34,669.54,78.02,192.24,990.3,249.74,1516.75,26.9,279.44,220.48,198.4,330.62,49.8,33.64
247.92,851.52,2348.34,362.65,1313.02,670.96,78.02,192.24,997.54,248.79,1501.27,26.43,278.63,222.13,200.22,336.24,49.8,33.64
251.2,851.52,2349.27,358.26,1313.81,661.02,77.44,191.69,981.86,248.79,1478.57,26.43,271.32,218.83,199.31,332.87,49.16,33.64
259.41,851.52,2345.53,357.38,1304.44,659.6,76.87,192.79,1012.01,252.13,1486.83,25.97,275.38,223.79,207.46,350.86,49.16,32.71
256.95,850.55,2341.78,357.38,1296.63,661.02,76.87,195.56,1034.93,254.04,1519.85,25.97,281.88,228.74,215.62,377.85,49.16,32.71
249.56,847.64,2329.61,350.35,1284.14,651.79,77.44,199.42,1121.78,256.43,1606.52,25.97,311.12,247.73,237.36,501.55,49.16,32.71
240.53,844.72,2310.88,349.48,1267.75,651.79,78.02,201.08,1157.96,259.3,1776.77,25.97,320.87,254.34,275.41,554.41,49.16,33.64
235.6,840.84,2294.03,342.45,1253.7,642.56,78.02,201.63,1215.86,261.21,1909.87,25.97,337.12,263.42,310.74,653.37,49.16,33.64
229.04,837.93,2278.11,328.4,1240.43,619.13,75.72,196.11,1279.79,261.21,2102.82,25.04,351.74,269.2,345.17,728.72,49.16,32.71
224.11,834.04,2263.13,323.13,1226.37,610.61,75.72,196.11,1335.28,261.21,2170.91,25.04,364.73,278.29,375.97,853.54,49.16,33.64
224.11,833.07,2256.58,327.52,1223.25,621.26,76.3,199.42,1405.24,261.68,2130.67,25.04,377.73,282.42,386.84,850.17,49.16,32.71
229.04,841.81,2305.27,338.06,1244.33,639.72,74.58,196.66,1184.5,256.43,1761.29,25.04,322.49,256.82,287.19,578.02,47.89,32.71
231.5,843.75,2314.63,343.33,1252.14,648.24,74,197.21,1129.01,255,1627.15,25.04,303.81,246.91,256.39,499.31,47.89,32.71
240.53,847.64,2333.36,367.04,1265.41,688.71,76.87,205.5,1132.63,253.09,1555.96,25.97,297.31,248.56,231.02,446.45,47.25,34.58
229.86,846.67,2331.48,346.84,1262.28,653.21,72.85,194.45,1025.28,253.09,1398.09,25.04,264.01,222.96,215.62,367.73,47.89,33.64
234.78,851.52,2357.7,349.48,1281.8,655.34,72.28,192.79,954.11,250.22,1183.48,25.04,233.95,203.14,183,292.39,47.89,33.64
244.63,854.43,2373.62,359.13,1298.19,669.54,71.13,186.72,909.48,246.4,1074.11,25.04,205.52,184.15,170.32,238.41,47.89,32.71
