362,382,2242,315,1450,805,162,392,8044,595,2740,62,496,285,2246,3832,100,37
363,379,2250,316,1452,799,162,391,7533,596,2767,62,470,276,2213,3631,102,37
372,382,2224,315,1430,801,170,406,7870,602,2570,65,465,275,2218,3850,105,38
371,384,2227,318,1432,806,167,402,7841,600,2562,64,467,276,2204,3795,106,38
365,376,2229,310,1431,786,162,392,7648,600,2647,63,454,268,2199,3702,106,37
366,376,2231,311,1433,787,163,393,7662,601,2644,63,455,269,2197,3699,107,37
374,389,2234,322,1434,814,168,406,7903,601,2549,65,469,277,2192,3774,107,38
403,383,2245,316,1441,796,162,394,7942,597,2692,63,479,274,2210,3702,105,37
378,384,2248,323,1448,804,163,394,8036,599,2755,63,517,299,2200,4055,103,38
340,394,2276,337,1468,834,165,401,8185,593,2944,63,574,333,2297,4073,98,37
339,387,2284,332,1474,817,160,391,7947,591,3168,62,585,346,2325,4326,96,38
315,394,2293,341,1478,839,161,397,8090,588,3173,62,622,365,2314,4190,95,37
327,395,2283,338,1472,836,161,397,8088,588,3207,62,619,366,2344,4229,96,37
371,387,2277,327,1466,811,160,391,8180,589,3301,62,599,355,2362,4415,97,38
390,383,2264,322,1456,799,162,391,8215,598,3177,62,574,334,2362,4092,101,37
367,392,2261,330,1455,823,165,402,8360,596,3115,63,592,349,2383,4236,101,37
371,391,2256,328,1449,819,167,404,8424,598,3064,64,584,344,2383,4268,102,37
376,393,2255,330,1449,823,168,406,8428,600,3042,64,579,340,2377,4214,102,38
360,389,2259,329,1453,817,167,402,8313,601,3046,63,583,347,2377,4269,102,37
371,395,2261,333,1456,829,170,410,8402,600,3117,65,578,344,2412,4296,100,38
366,394,2261,333,1457,827,170,409,8324,603,3025,65,572,340,2376,4220,102,37
381,395,2270,335,1464,826,165,404,8557,595,3127,64,614,355,2408,4311,99,38
367,385,2281,329,1473,808,162,393,8118,597,3257,63,588,347,2387,4407,99,38
349,393,2285,338,1476,831,169,407,8180,602,3114,64,585,347,2360,4147,99,37
323,384,2295,333,1484,814,159,389,8158,603,3261,61,617,357,2341,4137,98,36
313,385,2307,337,1495,821,160,391,8101,601,3348,61,630,364,2333,4117,97,36
342,384,2294,333,1486,814,161,392,8082,599,3219,62,599,345,2327,4012,99,36
343,397,2300,346,1489,843,166,406,8293,601,3145,64,631,364,2314,4127,98,37
322,397,2311,348,1498,847,168,407,8057,602,3216,64,626,369,2307,4169,96,37
336,387,2308,337,1496,820,164,396,7816,603,3337,63,607,361,2304,4305,96,38
308,397,2312,349,1499,849,166,405,8066,601,3231,63,635,373,2298,4148,96,37
279,383,2314,338,1499,821,156,386,7912,594,3405,60,633,369,2327,4133,94,36
274,382,2312,334,1496,817,158,387,7836,592,3471,60,624,372,2378,4214,93,36
276,382,2302,332,1484,815,155,384,7906,586,3533,59,634,380,2427,4323,93,36
281,376,2289,324,1468,816,159,383,7977,575,3476,61,627,374,2408,4280,94,36
250,377,2301,321,1456,805,146,370,7868,569,3664,57,664,400,2471,4479,90,35
188,378,2341,330,1483,817,139,364,7140,556,4047,55,723,445,2322,4415,85,35
375,391,2247,321,1419,814,168,407,8131,562,3353,65,484,288,2556,3778,93,38
383,379,2236,309,1415,784,159,387,7805,591,2677,62,456,274,2231,3962,105,38
332,386,2258,320,1429,807,155,385,8359,579,2999,60,565,333,2427,4217,97,36
360,377,2238,310,1418,786,161,391,7745,589,2687,63,448,267,2240,3587,104,37
369,379,2256,317,1433,794,166,399,7535,609,2818,64,498,293,2093,3456,112,37
376,393,2292,337,1464,832,170,409,7408,607,2848,65,550,323,1993,3407,105,38
311,385,2344,343,1508,831,161,393,6576,603,3217,62,588,346,1843,3121,97,36
310,394,2349,353,1513,853,167,406,6595,603,3050,64,594,349,1805,3125,97,37
290,387,2357,349,1522,840,160,391,6339,602,3116,62,573,337,1766,2993,96,36
293,399,2357,360,1525,870,166,404,6435,601,3006,64,588,345,1755,3032,95,37
330,390,2353,348,1522,838,163,396,6428,603,3046,63,554,326,1766,2992,97,37
361,420,2332,373,1506,904,179,434,7157,609,2981,69,579,345,1825,3272,100,40
394,396,2303,342,1478,835,172,413,7290,609,2790,66,539,318,1990,3420,104,38
338,389,2324,342,1494,833,165,400,6682,606,3056,64,562,329,1827,3041,101,36
314,394,2351,354,1517,854,164,401,6067,604,2996,64,573,341,1672,2836,97,37
313,400,2358,362,1526,871,167,407,5910,604,2972,65,573,342,1598,2747,97,38
331,396,2312,344,1482,842,167,405,7588,599,2847,64,565,328,2014,3643,100,37
368,383,2276,323,1452,799,158,387,8347,590,3128,62,584,336,2371,4358,100,38
350,390,2302,340,1478,830,168,405,7175,607,2709,64,522,304,1933,3253,103,37
192,402,2516,401,1630,929,124,347,839,537,1649,54,315,284,514,415,79,36
204,412,2634,429,1750,983,120,323,737,491,765,55,216,206,169,195,77,35
193,413,2600,427,1733,981,129,334,739,503,959,57,262,221,172,199,79,36
198,393,2531,392,1684,913,136,342,782,527,1604,58,391,261,220,331,83,35
237,403,2484,393,1646,921,147,366,1032,547,2124,61,487,299,337,533,86,37
232,403,2455,391,1627,918,150,372,1574,556,2496,62,532,324,503,883,88,37
208,404,2472,399,1650,931,147,363,1341,544,2416,62,514,316,450,785,86,37
202,397,2501,398,1685,920,138,341,1034,522,2316,60,466,297,360,642,84,37
200,399,2514,404,1697,931,137,339,946,518,2210,60,451,292,324,575,83,37
191,402,2530,408,1701,943,138,346,833,517,1957,60,414,277,283,429,83,36
186,393,2544,398,1693,923,133,338,752,524,1629,57,365,254,220,307,83,35
195,402,2523,404,1678,938,139,352,814,533,1725,59,405,273,246,360,84,36
220,404,2501,401,1673,933,142,354,872,530,1917,61,438,283,273,425,85,36
208,400,2482,397,1665,923,144,356,974,533,2081,61,466,292,313,502,85,36
255,403,2434,390,1637,916,146,358,1389,534,2404,63,510,317,439,729,88,37
296,403,2419,383,1619,906,150,368,1584,544,2457,63,518,321,472,797,90,37
367,394,2366,361,1553,860,159,390,3473,589,2872,64,552,338,850,1505,96,39
363,394,2364,362,1553,861,159,391,3431,590,2906,64,548,339,899,1510,96,39
213,399,2431,395,1625,919,144,355,1033,548,2410,62,470,291,456,467,88,36
199,405,2500,408,1695,944,138,340,830,512,1829,61,434,275,245,345,84,36
201,410,2567,431,1769,978,121,291,683,453,1120,57,280,215,162,184,79,35
336,433,2740,518,1919,1054,97,238,674,380,518,50,147,170,152,175,71,33
350,426,2763,462,1866,1022,97,291,740,446,650,50,163,190,172,210,70,34
405,435,2754,466,1849,1028,100,303,756,456,656,51,170,197,176,221,69,35
333,425,2692,445,1783,997,112,332,811,486,855,52,238,244,191,273,70,35
268,406,2638,422,1735,950,114,331,807,511,1155,51,266,257,222,317,72,34
192,404,2561,400,1673,924,131,362,982,529,1516,55,431,337,295,730,75,36
192,388,2448,368,1578,867,132,355,1514,549,2948,55,602,420,722,1575,81,36
189,392,2413,366,1551,870,138,367,2061,555,3243,56,700,461,920,1937,83,35
196,388,2397,358,1541,854,140,367,2242,559,3486,56,710,466,990,2052,83,35
196,392,2390,360,1533,861,138,368,1983,554,3160,56,679,457,914,1915,82,36
198,395,2389,363,1531,867,138,370,1906,553,3067,56,665,451,866,1821,82,36
178,392,2405,365,1543,868,134,367,1468,548,2680,55,578,411,711,1438,80,36
160,387,2450,370,1577,869,125,350,1061,538,2110,53,454,351,479,930,77,34
172,404,2484,395,1605,921,126,358,959,533,1732,54,400,330,373,680,76,36
203,396,2524,392,1639,904,119,341,874,525,1569,52,350,301,307,542,75,34
215,404,2529,401,1645,924,123,353,922,526,1666,54,382,321,340,646,75,36
193,392,2491,383,1617,888,124,348,1093,534,2271,53,474,369,499,1101,76,36
184,396,2460,379,1590,887,129,361,1445,538,2600,54,575,413,662,1497,77,36
184,416,2381,383,1527,916,140,386,2280,542,3358,58,748,498,973,2241,79,37
185,401,2483,392,1612,910,128,359,1191,535,2336,54,510,383,557,1153,76,35
191,398,2536,399,1652,918,120,344,859,525,1472,52,333,290,280,453,75,34
164,386,2500,371,1621,871,123,347,990,531,1588,52,426,335,316,786,76,34
185,418,2402,390,1543,926,140,385,1623,543,2769,58,632,444,706,1562,80,37
