215.90,607.81,1899.83,175.62,968.77,550.97,41.88,91.15,394.43,107.92,154.77,24.58,40.62,29.73,85.16,141.69,35.12,27.10
182,278,2029,200,1241,776,73,165,327,226,150,53,50,36,94,126,55,29
223.29,612.67,1913.88,193.18,972.67,603.51,45.32,97.78,428.20,106.97,155.80,26.43,43.87,32.21,84.25,150.69,35.12,28.97
183,303,2044,220,1246,850,79,177,355,224,151,57,54,39,93,134,55,31
147.77,608.78,1921.37,191.42,970.33,602.09,57.94,129.27,435.44,127.98,147.55,30.61,54.43,32.21,84.25,150.69,37.67,29.90
117,300,2052,218,1243,848,101,234,361,268,143,66,67,39,93,134,59,32
167.47,609.75,1925.11,176.49,969.55,552.39,64.82,133.68,448.71,133.23,164.06,30.14,44.68,33.86,87.88,142.82,38.31,28.97
121,275,2056,201,1242,778,113,242,372,279,159,65,55,41,97,127,60,31
120.67,607.81,1924.18,183.52,965.64,574.40,96.37,180.09,352.21,187.19,123.82,33.39,53.61,30.55,85.16,152.94,40.22,30.84
103,288,2055,209,1237,809,168,326,292,392,120,72,66,37,94,136,63,33
152.69,610.73,1920.43,177.37,964.08,552.39,90.06,169.59,383.57,191.01,133.10,32.00,46.30,30.55,83.35,147.32,40.22,29.90
98,274,2051,202,1235,778,157,307,318,400,129,69,57,37,92,131,63,32
192.09,612.67,1910.13,189.66,977.35,574.40,49.33,113.25,351.01,121.29,139.29,28.29,50.36,28.08,83.35,146.19,37.03,28.97
160,291,2040,216,1252,809,86,205,291,254,135,61,62,34,92,130,58,31
117.39,601.99,1909.19,181.76,966.42,567.30,103.83,189.48,262.95,189.58,122.78,33.85,63.36,23.95,86.07,145.07,40.22,30.84
122,284,2039,207,1238,799,181,343,218,397,119,73,78,29,95,129,63,33
354.64,624.32,1901.70,180.01,959.40,563.04,102.11,187.27,1151.93,193.87,238.35,33.85,72.30,45.42,174.85,111.33,40.86,30.84
294,294,2031,205,1229,793,178,339,955,406,231,73,89,55,193,99,64,33
388.29,621.41,1897.02,180.01,953.93,563.75,99.82,182.85,677.89,195.31,238.35,33.85,61.74,33.86,151.29,130.45,40.86,29.90
150,283,2026,205,1222,794,174,331,562,409,231,73,76,41,167,116,64,32
293.89,621.41,1914.81,178.25,960.18,558.07,102.11,187.27,1018.04,195.31,146.52,33.85,69.86,45.42,84.25,110.21,40.86,30.84
319,293,2045,203,1230,786,178,339,844,409,142,73,86,55,93,98,64,33
251.20,604.90,1892.34,199.32,949.25,609.90,55.07,123.19,475.25,189.10,202.23,30.14,47.11,35.51,106.90,149.57,40.22,29.90
166,308,2021,227,1216,859,96,223,394,396,196,65,58,43,118,133,63,32
280.75,617.52,1904.51,187.91,957.06,570.85,96.95,188.93,1091.62,195.78,204.30,32.92,73.11,37.16,111.43,85.47,40.86,30.84
295,312,2034,214,1226,804,169,342,905,410,198,71,90,45,123,76,64,33
366.95,658.30,1956.95,181.76,971.89,552.39,96.37,185.06,1032.52,201.04,220.81,32.46,69.05,37.99,129.55,103.46,41.50,31.77
311,304,2090,207,1245,778,168,335,856,421,214,70,85,46,143,92,65,34
355.46,630.14,1913.88,182.64,964.86,556.65,94.65,181.74,993.92,191.96,262.08,32.92,66.61,44.59,172.13,128.20,40.86,31.77
313,303,2044,208,1236,784,165,329,824,402,254,71,82,54,190,114,64,34
357.92,648.59,1955.07,181.76,976.57,570.14,102.68,190.03,1021.66,200.08,215.65,33.85,69.05,35.51,111.43,89.96,41.50,30.84
271,299,2088,207,1251,803,179,344,847,419,209,73,85,43,123,80,65,33
146.12,664.13,2015.94,196.69,1014.82,589.31,64.82,141.97,416.14,152.81,132.07,31.07,56.86,31.38,84.25,139.45,40.22,29.90
114,309,2153,224,1300,830,113,257,345,320,128,67,70,38,93,124,63,32
390.76,686.46,2009.38,187.91,1003.11,567.30,98.10,189.48,1173.64,207.25,228.03,32.92,76.36,40.46,138.61,97.84,42.78,31.77
324,316,2146,214,1285,799,171,343,973,434,221,71,94,49,153,87,67,34
367.77,658.30,1918.56,209.86,1009.36,613.45,116.45,215.44,1443.83,209.16,232.16,37.10,88.54,42.94,136.80,107.96,41.50,32.71
286,327,2049,239,1293,864,203,390,1197,438,225,80,109,52,151,96,65,35
153.51,632.09,1913.88,190.54,1010.14,565.17,60.23,130.92,435.44,157.58,134.13,30.14,49.55,29.73,80.63,134.95,39.59,28.97
123,286,2044,217,1294,796,105,237,361,330,130,65,61,36,89,120,62,31
145.30,628.20,1926.05,192.30,1007.02,576.53,65.97,138.10,394.43,149.94,128.98,31.53,51.18,28.08,83.35,139.45,39.59,28.97
117,289,2057,219,1290,812,115,250,327,314,125,68,63,34,92,124,62,31
180.60,631.12,1930.73,205.47,1010.92,616.29,62.53,137.55,455.95,141.82,153.74,32.46,64.17,34.68,88.78,148.44,38.31,30.84
127,308,2062,234,1295,868,109,249,378,297,149,70,79,42,98,132,60,33
144.48,617.52,1907.32,193.18,997.65,577.95,64.25,136.45,399.26,142.30,137.23,31.53,58.49,31.38,86.07,142.82,38.31,29.90
122,288,2037,220,1278,814,112,247,331,298,133,68,72,38,95,127,60,32
224.11,623.35,1899.83,191.42,989.06,575.11,102.11,187.27,928.78,187.67,179.53,34.78,66.61,37.99,113.24,105.71,40.86,30.84
205,297,2029,218,1267,810,178,339,770,393,174,75,82,46,125,94,64,33
142.02,613.64,1897.96,191.42,992.18,573.69,94.08,175.67,406.49,140.39,137.23,33.85,55.24,31.38,86.07,141.69,38.31,30.84
170,291,2027,218,1271,808,164,318,337,294,133,73,68,38,95,126,60,33
302.10,628.20,1890.47,189.66,985.16,569.43,105.55,192.79,1005.98,197.69,221.84,34.78,67.42,38.81,143.14,95.59,40.86,30.84
238,296,2019,216,1262,802,184,349,834,414,215,75,83,47,158,85,64,33
361.20,628.20,1886.72,182.64,979.69,549.55,106.13,191.14,1238.78,200.56,240.41,34.32,77.17,42.11,151.29,101.21,41.50,30.84
308,289,2015,208,1255,774,185,346,1027,420,233,74,95,51,167,90,65,33
339.04,627.23,1889.53,183.52,981.26,552.39,107.85,193.35,1276.17,201.04,241.44,34.32,78.80,41.29,144.95,101.21,41.50,30.84
280,289,2018,209,1257,778,188,350,1058,421,234,74,97,50,160,90,65,33
327.55,626.26,1889.53,185.27,981.26,556.65,108.99,194.45,1209.83,201.99,238.35,34.78,75.55,42.11,123.21,103.46,40.86,30.84
287,291,2018,211,1257,784,190,352,1003,423,231,75,93,51,136,92,64,33
347.25,630.14,1893.28,187.03,982.82,562.33,107.85,194.45,1395.59,201.04,240.41,34.32,83.67,44.59,171.23,104.58,40.86,29.90
278,294,2022,213,1259,792,188,352,1157,421,233,74,103,54,189,93,64,32
345.61,630.14,1896.09,182.64,981.26,552.39,107.27,192.24,1217.07,201.51,239.38,33.85,73.92,38.81,145.86,94.46,41.50,29.90
270,289,2025,208,1257,778,187,348,1009,422,232,73,91,47,161,84,65,32
328.37,635.97,1915.75,188.79,982.82,570.85,108.42,197.21,1113.33,201.99,223.90,34.78,70.67,37.99,129.55,101.21,40.86,30.84
267,300,2046,215,1259,804,189,357,923,423,217,75,87,46,143,90,64,33
123.14,621.41,1925.11,188.79,991.40,568.72,98.67,183.40,343.77,182.89,134.13,33.85,50.36,27.25,88.78,141.69,40.22,29.90
97,286,2056,215,1270,801,172,332,285,383,130,73,62,33,98,126,63,32
122.32,620.43,1920.43,185.27,989.84,557.36,96.95,178.98,364.28,194.83,124.85,33.39,47.93,28.08,83.35,139.45,40.86,29.90
90,279,2051,211,1268,785,169,324,302,408,121,72,59,34,92,124,64,32
123.14,618.49,1922.30,190.54,991.40,575.11,95.80,178.43,428.20,191.49,122.78,34.32,51.18,32.21,86.07,143.94,40.86,30.84
101,288,2053,217,1270,810,167,323,355,401,119,74,63,39,95,128,64,33
158.44,623.35,1919.49,185.27,989.06,558.07,100.96,186.16,259.34,199.13,133.10,33.85,64.17,27.25,82.44,141.69,40.86,29.90
117,282,2050,211,1267,786,176,337,215,417,129,73,79,33,91,126,64,32
150.23,621.41,1925.11,190.54,995.31,573.69,103.26,190.03,289.49,157.11,143.42,34.32,61.74,28.08,89.69,145.07,39.59,30.84
120,290,2056,217,1275,808,180,344,240,329,139,74,76,34,99,129,62,33
155.97,623.35,1925.11,190.54,996.09,574.40,60.23,130.92,429.41,156.63,138.26,30.61,50.36,29.73,87.88,136.07,39.59,28.97
122,289,2056,217,1276,809,105,237,356,328,134,66,62,36,97,121,62,31
182.24,626.26,1920.43,202.84,989.84,609.90,112.44,207.16,436.65,200.56,145.48,36.63,76.36,32.21,86.07,147.32,40.86,32.71
133,310,2051,231,1268,859,196,375,362,420,141,79,94,39,95,131,64,35
367.77,639.85,1912.00,189.66,985.16,573.69,104.98,191.69,896.21,202.47,230.09,34.78,67.42,35.51,135.89,121.45,41.50,30.84
175,293,2042,216,1262,808,183,347,743,424,223,75,83,43,150,108,65,33
380.08,642.77,1917.62,183.52,985.94,553.81,104.98,191.14,1149.52,201.99,240.41,33.85,72.30,39.64,159.45,114.71,41.50,30.84
328,296,2048,209,1263,780,183,346,953,423,233,73,89,48,176,102,65,33
388.29,641.80,1913.88,189.66,985.94,572.98,109.57,198.87,1186.91,201.99,228.03,34.78,73.11,39.64,151.29,107.96,41.50,30.84
310,303,2044,216,1263,807,191,360,984,423,221,75,90,48,167,96,65,33
378.44,641.80,1940.09,177.37,972.67,552.39,100.96,185.61,1196.56,199.13,238.35,32.92,75.55,37.99,131.36,103.46,41.50,30.84
314,296,2072,202,1246,778,176,336,992,417,231,71,93,46,145,92,65,33
343.14,638.88,1939.16,180.88,975.01,556.65,93.51,175.12,348.59,196.74,214.62,32.92,46.30,28.08,112.34,150.69,41.50,30.84
98,278,2071,206,1249,784,163,317,289,412,208,71,57,34,124,134,65,33
132.17,617.52,1935.41,182.64,977.35,563.75,102.11,187.27,259.34,191.96,125.88,33.85,69.86,28.08,83.35,152.94,40.86,30.84
142,286,2067,208,1252,794,178,339,215,402,122,73,86,34,92,136,64,33
375.98,641.80,1929.79,180.01,976.57,554.52,99.24,185.06,950.49,198.17,233.19,32.92,63.36,39.64,133.18,93.34,41.50,29.90
289,294,2061,205,1251,781,173,335,788,415,226,71,78,48,147,83,65,32
166.65,619.46,1922.30,189.66,987.50,569.43,56.22,123.19,396.84,144.69,125.88,29.68,45.49,27.25,82.44,140.57,38.95,28.97
174,287,2053,216,1265,802,98,223,329,303,122,64,56,33,91,125,61,31
214.26,605.87,1894.21,186.15,973.45,563.75,52.20,117.66,411.32,126.54,136.20,28.75,51.18,30.55,86.07,140.57,37.67,28.04
176,283,2023,212,1247,794,91,213,341,265,132,62,63,37,95,125,59,30
185.53,615.58,1910.13,185.27,971.89,570.14,91.21,171.80,595.87,156.63,139.29,33.39,51.99,32.21,86.97,122.58,39.59,30.84
186,294,2040,211,1245,803,159,311,494,328,135,72,64,39,96,109,62,33
352.17,636.94,1916.68,187.03,971.89,574.40,103.26,192.79,1081.97,196.26,222.87,34.32,71.48,41.29,143.14,100.09,41.50,30.84
304,305,2047,213,1245,809,180,349,897,411,216,74,88,50,158,89,65,33
296.35,633.06,1915.75,196.69,972.67,602.09,103.26,193.35,920.34,191.01,218.74,35.71,64.99,40.46,126.83,101.21,40.86,31.77
248,315,2046,224,1246,848,180,350,763,400,212,77,80,49,140,90,64,34
326.73,633.06,1908.26,186.15,973.45,571.56,102.68,190.03,987.89,196.74,215.65,34.32,66.61,39.64,127.74,91.09,41.50,30.84
263,301,2038,212,1247,805,179,344,819,412,209,74,82,48,141,81,65,33
366.13,635.97,1907.32,187.91,975.01,571.56,104.41,192.79,1067.50,198.17,223.90,34.32,68.24,41.29,148.58,96.71,41.50,30.84
299,302,2037,214,1249,805,182,349,885,415,217,74,84,50,164,86,65,33
330.01,635.00,1912.00,181.76,976.57,553.10,100.39,186.16,1206.21,198.17,236.28,33.39,77.17,42.11,144.95,104.58,40.86,30.84
280,293,2042,207,1251,779,175,337,1000,415,229,72,95,51,160,93,64,33
362.85,635.97,1911.07,186.15,975.01,568.72,104.98,193.35,1297.88,198.17,225.96,34.32,82.04,42.94,148.58,95.59,41.50,30.84
296,301,2041,212,1249,801,183,350,1076,415,219,74,101,52,164,85,65,33
324.26,634.03,1913.88,186.15,975.79,568.72,106.70,194.45,1268.93,200.56,230.09,34.32,78.80,40.46,144.95,102.34,41.50,30.84
261,299,2044,212,1250,801,186,352,1052,420,223,74,97,49,160,91,65,33
306.20,634.03,1919.49,180.01,976.57,551.68,102.68,187.27,1192.94,200.56,236.28,32.92,75.55,37.99,130.46,94.46,41.50,29.90
240,289,2050,205,1251,777,179,339,989,420,229,71,93,46,144,84,65,32
309.49,635.00,1920.43,186.15,977.35,569.43,104.98,192.79,1246.02,200.56,229.06,33.85,80.42,40.46,139.52,107.96,41.50,30.84
249,299,2051,212,1252,802,183,349,1033,420,222,73,99,49,154,96,65,33
317.70,636.94,1921.37,187.91,978.13,574.40,106.70,195.00,1258.08,200.56,231.12,34.32,80.42,39.64,138.61,107.96,41.50,30.84
256,302,2052,214,1253,809,186,353,1043,420,224,74,99,48,153,96,65,33
351.35,638.88,1921.37,180.88,978.91,554.52,103.26,188.93,1249.63,200.08,241.44,33.39,79.61,38.81,133.18,102.34,41.50,30.84
297,295,2052,206,1254,781,180,342,1036,419,234,72,98,47,147,91,65,33
360.38,639.85,1922.30,180.88,978.91,555.23,103.26,188.93,1144.69,200.56,243.51,33.39,74.73,38.81,139.52,101.21,41.50,29.90
283,294,2053,206,1254,782,180,342,949,420,236,72,92,47,154,90,65,32
339.04,638.88,1920.43,181.76,979.69,554.52,103.26,188.93,1311.15,200.56,243.51,33.39,82.04,42.11,154.92,110.21,40.86,30.84
287,295,2051,207,1255,781,180,342,1087,420,236,72,101,51,171,98,64,33
356.28,640.82,1920.43,185.27,979.69,565.17,104.41,191.69,1153.14,201.04,239.38,33.85,73.92,42.94,179.38,107.96,41.50,29.90
279,299,2051,211,1255,796,182,347,956,421,232,73,91,52,198,96,65,32
357.92,641.80,1921.37,187.03,982.04,570.85,105.55,193.90,1258.08,200.56,227.00,34.32,77.98,42.11,142.24,100.09,41.50,30.84
286,302,2052,213,1258,804,184,351,1043,420,220,74,96,51,157,89,65,33
307.84,638.88,1923.24,187.91,982.82,572.98,106.70,195.56,1189.32,201.99,230.09,34.32,77.17,38.81,135.89,101.21,41.50,30.84
235,300,2054,214,1259,807,186,354,986,423,223,74,95,47,150,90,65,33
133.81,622.38,1934.48,201.96,990.62,612.03,101.54,190.03,419.76,185.76,136.20,35.71,51.99,32.21,87.88,151.82,40.86,31.77
105,306,2066,230,1269,862,177,344,348,389,132,77,64,39,97,135,64,34
210.15,632.09,1929.79,200.20,985.16,610.61,108.42,201.08,733.38,199.60,183.66,36.17,80.42,36.33,104.19,139.45,41.50,31.77
136,311,2061,228,1262,860,189,364,608,418,178,78,99,44,115,124,65,34
244.63,635.97,1930.73,188.79,986.72,575.82,102.68,190.58,1214.65,200.56,215.65,34.32,89.36,43.77,132.27,119.20,41.50,30.84
172,297,2062,215,1264,811,179,345,1007,420,209,74,110,53,146,106,65,33
318.52,642.77,1930.73,189.66,984.38,576.53,107.27,196.66,1325.63,202.95,233.19,34.32,82.86,40.46,140.42,106.83,41.50,30.84
239,303,2062,216,1261,812,187,356,1099,425,226,74,102,49,155,95,65,33
164.18,628.20,1946.65,202.84,996.09,614.87,98.10,185.06,451.12,158.06,156.83,35.71,48.74,33.03,90.60,149.57,39.59,31.77
117,309,2079,231,1276,866,171,335,374,331,152,77,60,40,100,133,62,34
162.54,629.17,1941.97,187.91,991.40,573.69,104.41,193.90,1097.65,192.44,146.52,34.32,72.30,39.64,91.50,93.34,40.86,30.84
278,304,2074,214,1270,808,182,351,910,403,142,74,89,48,101,83,64,33
157.62,628.20,1947.58,188.79,994.53,575.82,104.41,193.35,1050.61,181.46,139.29,34.32,72.30,37.99,88.78,97.84,40.86,30.84
262,304,2080,215,1274,811,182,350,871,380,135,74,89,46,98,87,64,33
287.32,640.82,1933.54,187.03,986.72,568.72,105.55,193.90,1242.40,202.47,228.03,34.32,77.98,39.64,131.36,96.71,41.50,29.90
286,302,2065,213,1264,801,184,351,1030,424,221,74,96,48,145,86,65,32
154.33,628.20,1947.58,188.79,995.31,575.11,103.83,192.24,911.90,179.55,137.23,34.32,76.36,35.51,88.78,111.33,40.86,30.84
209,300,2080,215,1275,810,181,348,756,376,133,74,94,43,98,99,64,33
179.78,633.06,1956.95,191.42,997.65,580.08,84.33,162.41,475.25,155.20,150.64,33.39,46.30,34.68,90.60,142.82,39.59,30.84
130,292,2090,218,1278,817,147,294,394,325,146,72,57,42,100,127,62,33
161.72,630.14,1952.27,185.27,995.31,563.04,90.06,169.59,392.02,173.82,147.55,32.92,47.11,30.55,89.69,149.57,40.86,30.84
115,284,2085,211,1275,793,157,307,325,364,143,71,58,37,99,133,64,33
144.48,632.09,1951.33,189.66,999.21,577.24,59.09,129.27,449.92,144.69,139.29,30.61,47.93,33.03,86.97,139.45,39.59,28.97
129,292,2084,216,1280,813,103,234,373,303,135,66,59,40,96,124,62,31
135.45,630.14,1951.33,183.52,994.53,560.20,102.11,190.03,1119.36,194.35,136.20,33.39,73.92,37.16,84.25,93.34,40.86,31.77
307,301,2084,209,1274,789,178,344,928,407,132,72,91,45,93,83,64,34
194.56,634.03,1939.16,188.79,989.84,575.11,104.41,193.90,1050.61,200.56,179.53,34.32,69.86,37.16,99.66,88.84,41.50,30.84
290,306,2071,215,1268,810,182,351,871,420,174,74,86,45,110,79,65,33
368.59,646.65,1928.86,189.66,986.72,577.24,103.83,193.90,1044.58,198.65,227.00,34.78,69.86,38.81,118.68,93.34,42.14,30.84
300,307,2060,216,1264,813,181,351,866,416,220,75,86,47,131,83,66,33
338.22,646.65,1941.97,190.54,986.72,579.37,65.40,138.10,423.38,196.74,221.84,31.07,52.80,31.38,142.24,139.45,41.50,29.90
117,293,2074,217,1264,816,114,250,351,412,215,67,65,38,157,124,65,32
180.60,632.09,1953.20,192.30,998.43,585.05,100.39,188.37,355.83,159.49,145.48,34.32,51.18,28.90,88.78,146.19,39.59,30.84
115,298,2086,219,1279,824,175,341,295,334,141,74,63,35,98,130,62,33
146.94,630.14,1954.14,185.27,985.94,569.43,100.39,188.37,653.77,194.35,120.72,33.39,73.92,38.81,83.35,124.83,40.86,30.84
274,302,2087,211,1263,802,175,341,542,407,117,72,91,47,92,111,64,33
144.48,632.09,1956.95,186.15,990.62,569.43,101.54,191.14,914.31,188.14,130.01,33.85,73.11,42.11,86.97,110.21,40.86,30.84
298,305,2090,212,1269,802,177,346,758,394,126,73,90,51,96,98,64,33
275.01,645.68,1958.82,187.91,985.16,574.40,98.67,187.27,1005.98,197.69,177.47,33.39,68.24,40.46,115.96,95.59,41.50,30.84
268,307,2092,214,1262,809,172,339,834,414,172,72,84,49,128,85,65,33
304.56,649.56,1965.37,185.27,984.38,570.85,95.23,181.19,914.31,197.69,185.72,32.92,64.99,40.46,124.12,97.84,41.50,30.84
246,304,2099,211,1261,804,166,328,758,414,180,71,80,49,137,87,65,33
363.67,657.33,1958.82,189.66,988.28,577.95,101.54,192.24,1124.19,201.04,223.90,33.85,73.92,42.11,142.24,96.71,42.14,30.84
292,310,2092,216,1266,814,177,348,932,421,217,73,91,51,157,86,66,33
387.47,657.33,1957.88,186.15,989.06,570.14,101.54,190.58,1086.80,199.60,261.05,33.39,72.30,35.51,168.51,96.71,42.14,30.84
284,305,2091,212,1267,803,177,345,901,418,253,72,89,43,186,86,66,33
143.66,634.03,1966.31,183.52,996.09,560.91,98.67,186.16,805.75,159.49,146.52,32.92,74.73,37.16,86.97,112.46,40.22,29.90
244,297,2100,209,1276,790,172,337,668,334,142,71,92,45,96,100,63,32
355.46,654.42,1956.95,182.64,987.50,558.07,101.54,188.93,1430.57,202.95,241.44,32.92,87.73,41.29,133.18,112.46,41.50,30.84
302,301,2090,208,1265,786,177,342,1186,425,234,71,108,50,147,100,65,33
146.94,637.91,1975.67,190.54,1002.33,581.50,60.81,132.58,406.49,140.87,132.07,30.14,49.55,28.90,84.25,134.95,38.95,28.97
119,296,2110,217,1284,819,106,240,337,295,128,65,61,35,93,120,61,31
348.07,653.45,1958.82,187.03,986.72,575.11,103.26,192.24,1039.75,201.99,231.12,34.32,67.42,37.16,137.71,120.33,41.50,30.84
186,300,2092,213,1264,810,180,348,862,423,224,74,83,45,152,107,65,33
384.19,655.39,1958.82,201.08,985.94,615.58,102.68,194.45,744.23,201.99,241.44,35.71,64.17,35.51,147.67,139.45,41.50,31.77
159,316,2092,229,1263,867,179,352,617,423,234,77,79,43,163,124,65,34
390.76,655.39,1957.88,182.64,985.94,560.20,101.54,188.37,1161.58,201.99,241.44,32.92,73.92,37.99,148.58,110.21,41.50,29.90
306,301,2091,208,1263,789,177,341,963,423,234,71,91,46,164,98,65,32
151.05,636.94,1974.74,192.30,998.43,587.18,58.51,129.82,429.41,142.30,132.07,30.14,49.55,30.55,83.35,137.20,38.95,28.97
126,299,2109,219,1279,827,102,235,356,298,128,65,61,37,92,122,61,31
373.52,656.36,1960.69,184.40,987.50,565.88,98.67,187.27,1177.26,201.04,233.19,32.92,76.36,42.11,142.24,89.96,41.50,29.90
295,303,2094,210,1265,797,172,339,976,421,226,71,94,51,157,80,65,32
370.23,655.39,1958.82,187.91,986.72,576.53,102.68,192.79,1139.87,201.51,223.90,33.85,74.73,40.46,136.80,94.46,41.50,30.84
294,309,2092,214,1264,812,179,349,945,422,217,73,92,49,151,84,65,33
374.34,658.30,1971.93,201.08,982.82,612.74,104.98,202.74,1205.00,201.04,234.22,35.24,79.61,42.11,137.71,100.09,42.14,32.71
314,335,2106,229,1259,863,183,367,999,421,227,76,98,51,152,89,66,35
360.38,674.81,1996.27,191.42,987.50,580.08,101.54,194.45,1266.52,204.38,218.74,33.39,82.86,37.16,113.24,101.21,42.14,30.84
284,319,2132,218,1265,817,177,352,1050,428,212,72,102,45,125,90,66,33
233.96,664.13,1999.08,193.18,992.18,582.21,80.31,161.86,488.52,200.56,199.14,32.46,47.93,36.33,111.43,142.82,42.14,30.84
151,304,2135,220,1271,820,140,293,405,420,193,70,59,44,123,127,66,33