265.16,663.16,1938.22,185.27,1006.24,558.78,80.31,160.75,361.86,174.77,119.69,31.53,34.93,26.42,88.78,112.46,39.59,29.90
221,303,2070,211,1289,787,140,291,300,366,116,68,43,32,98,100,62,32
352.99,672.87,1954.14,190.54,1008.58,563.75,86.62,171.25,484.90,183.37,147.55,31.53,39.80,30.55,120.49,103.46,40.22,29.90
286,310,2087,217,1292,794,151,310,402,384,143,68,49,37,133,92,63,32
392.40,641.80,1939.16,175.62,978.91,560.20,103.26,187.27,1418.50,197.69,193.98,32.92,80.42,37.99,112.34,80.97,40.86,29.90
312,295,2071,200,1254,789,180,339,1176,414,188,71,99,46,124,72,64,32
398.97,657.33,1960.69,184.40,991.40,580.08,103.83,193.90,919.13,201.04,200.17,33.85,63.36,37.16,219.24,76.47,40.86,30.84
326,311,2094,210,1270,817,181,351,762,421,194,73,78,45,242,68,64,33
372.70,626.26,1914.81,176.49,978.13,556.65,106.13,187.82,936.02,198.65,195.01,33.85,68.24,33.03,86.97,67.47,40.22,29.90
295,287,2045,201,1253,784,185,340,776,416,189,73,84,40,96,60,63,32
175.68,632.09,1959.76,193.18,1007.80,585.05,53.92,126.50,453.54,131.80,123.82,29.68,66.61,32.21,86.07,133.82,37.67,28.97
127,305,2093,220,1291,824,94,229,376,276,120,64,82,39,95,119,59,31
210.98,632.09,1975.67,184.40,996.87,582.92,65.40,137.00,468.01,134.18,149.61,31.07,44.68,33.03,88.78,145.07,38.31,29.90
143,292,2110,210,1277,821,114,248,388,281,145,67,55,40,98,129,60,32
209.33,625.29,1951.33,182.64,992.18,572.98,106.13,191.14,247.27,198.17,90.80,34.78,59.30,21.47,71.57,137.20,40.22,30.84
106,283,2084,208,1271,807,185,346,205,415,88,75,73,26,79,122,63,33
404.71,685.49,2013.13,193.18,1006.24,585.76,101.54,196.66,1065.08,204.86,180.57,33.85,69.05,39.64,159.45,69.72,42.14,30.84
318,324,2150,220,1289,825,177,356,883,429,175,73,85,48,176,62,66,33
141.20,635.97,1996.27,187.91,1003.11,590.73,66.54,138.66,453.54,142.78,122.78,31.53,48.74,31.38,86.07,143.94,38.95,29.90
117,295,2132,214,1285,832,116,251,376,299,119,68,60,38,95,128,61,32
129.70,606.84,1933.54,187.03,988.28,579.37,88.34,169.04,425.79,177.16,125.88,33.39,45.49,29.73,89.69,142.82,40.22,30.84
112,291,2065,213,1266,816,154,306,353,371,122,72,56,36,99,127,63,33
286.50,672.87,1984.10,196.69,1017.16,585.76,88.34,173.46,357.04,176.68,121.75,33.39,32.49,23.95,101.47,106.83,40.86,30.84
248,319,2119,224,1303,825,154,314,296,370,118,72,40,29,112,95,64,33
368.59,669.95,1982.23,190.54,1000.77,575.11,91.79,179.54,572.95,188.62,163.02,32.46,45.49,32.21,144.05,89.96,40.86,30.84
302,315,2117,217,1282,810,160,325,475,395,158,70,56,39,159,80,64,33
233.14,677.72,1944.77,201.96,986.72,560.91,76.30,162.96,536.76,174.77,107.31,31.53,47.11,30.55,74.29,104.58,40.86,30.84
192,320,2077,230,1264,790,133,295,445,366,104,68,58,37,82,93,64,33
391.58,653.45,1940.09,184.40,986.72,558.78,95.80,182.30,950.49,195.78,156.83,32.46,66.61,40.46,76.10,70.85,41.50,29.90
316,301,2072,210,1264,787,167,330,788,410,152,70,82,49,84,63,65,32
135.45,608.78,1916.68,181.76,960.18,565.88,55.07,124.29,402.87,133.23,113.50,29.21,74.73,32.21,83.35,141.69,38.31,28.97
107,285,2047,207,1230,797,96,225,334,279,110,63,92,39,92,126,60,31
206.05,651.51,1936.35,188.79,986.72,545.29,77.44,158.54,334.12,164.27,92.86,30.61,38.18,23.95,71.57,112.46,39.59,29.90
210,300,2068,215,1264,768,135,287,277,344,90,66,47,29,79,100,62,32
402.25,671.89,1947.58,192.30,978.13,556.65,92.36,185.61,1104.89,202.47,159.93,31.53,73.92,41.29,92.41,67.47,40.86,30.84
324,313,2080,219,1253,784,161,336,916,424,155,68,91,50,102,60,64,33
324.26,609.75,1886.72,172.10,949.25,543.16,100.39,181.19,909.48,191.01,188.82,32.46,66.61,34.68,125.93,70.85,40.22,30.84
279,283,2015,196,1216,765,175,328,754,400,183,70,82,42,139,63,63,33
316.05,663.16,1956.01,191.42,982.82,562.33,87.20,174.01,578.98,198.65,160.96,32.00,47.93,30.55,109.62,86.59,41.50,30.84
177,304,2089,218,1259,792,152,315,480,416,156,69,59,37,121,77,65,33
117.39,602.96,1921.37,180.88,970.33,570.14,97.52,177.88,344.98,180.50,103.18,33.85,48.74,26.42,85.16,147.32,40.22,30.84
92,281,2052,206,1243,803,170,322,286,378,100,73,60,32,94,131,63,33
142.84,585.48,1886.72,180.88,954.71,566.59,59.66,125.40,458.36,165.22,128.98,30.14,44.68,32.21,88.78,142.82,39.59,28.97
164,279,2015,206,1223,798,104,227,380,346,125,65,55,39,98,127,62,31
194.56,618.49,1946.65,177.37,978.91,555.94,88.92,166.28,419.76,139.44,151.68,32.46,39.80,27.25,87.88,140.57,38.95,29.90
99,275,2079,202,1254,783,155,301,348,292,147,70,49,33,97,125,61,32
116.57,601.99,1919.49,175.62,974.23,553.10,97.52,177.33,297.93,186.71,92.86,32.92,60.92,23.95,80.63,134.95,40.22,29.90
100,273,2050,200,1248,779,170,321,247,391,90,71,75,29,89,120,63,32
309.49,669.95,1981.29,197.57,1010.14,580.08,95.80,186.72,960.14,195.31,166.12,33.39,77.17,45.42,192.97,82.09,41.50,30.84
248,315,2116,225,1294,817,167,338,796,409,161,72,95,55,213,73,65,33
273.37,654.42,1962.57,182.64,997.65,572.27,70.56,141.42,447.50,196.74,150.64,32.00,49.55,29.73,110.53,140.57,41.50,29.90
104,282,2096,208,1278,806,123,256,371,412,146,69,61,36,122,125,65,32
142.84,614.61,1929.79,185.27,983.60,577.95,69.41,141.42,388.40,145.64,110.40,32.00,81.23,33.03,86.07,142.82,38.95,29.90
113,288,2061,211,1260,814,121,256,322,305,107,69,100,40,95,127,61,32
128.06,601.02,1922.30,182.64,979.69,568.72,68.27,137.00,452.33,153.28,135.17,31.53,48.74,29.73,89.69,143.94,38.95,28.97
102,277,2053,208,1255,801,119,248,375,321,131,68,60,36,99,128,61,31
118.21,614.61,1940.09,180.88,974.23,572.27,93.51,174.56,343.77,184.80,96.99,33.39,42.24,23.95,83.35,142.82,40.22,30.84
94,284,2072,206,1248,806,163,316,285,387,94,72,52,29,92,127,63,33
156.80,620.43,1958.82,182.64,983.60,575.11,75.72,148.60,465.60,170.00,122.78,32.00,45.49,33.03,86.07,141.69,40.22,29.90
127,286,2092,208,1260,810,132,269,386,356,119,69,56,40,95,126,63,32
191.27,629.17,1977.55,201.08,998.43,624.81,78.02,155.23,533.15,152.81,160.96,34.32,52.80,38.81,91.50,149.57,39.59,31.77
157,312,2112,229,1279,880,136,281,442,320,156,74,65,47,101,133,62,34
197.02,667.04,2039.34,194.93,1027.31,591.44,59.66,134.24,471.63,141.82,135.17,30.61,45.49,32.21,87.88,137.20,39.59,29.90
155,309,2178,222,1316,833,104,243,391,297,131,66,56,39,97,122,62,32
148.59,638.88,1987.85,182.64,998.43,567.30,82.61,161.31,442.68,175.25,128.98,32.46,39.80,27.25,86.07,146.19,40.86,31.77
120,288,2123,208,1279,799,144,292,367,367,125,70,49,33,95,130,64,34
148.59,629.17,1982.23,190.54,1006.24,589.31,91.21,170.14,472.83,177.16,134.13,34.32,52.80,37.16,92.41,149.57,40.22,30.84
115,292,2117,217,1289,830,159,308,392,371,130,74,65,45,102,133,63,33
151.05,615.58,1956.01,188.79,1000.77,582.92,91.79,167.93,474.04,173.82,138.26,34.32,52.80,37.16,94.22,150.69,40.22,29.90
117,286,2089,215,1282,821,160,304,393,364,134,74,65,45,104,134,63,32
201.12,638.88,2000.02,180.01,1011.70,568.01,60.81,129.27,449.92,134.18,148.58,30.61,43.05,30.55,88.78,147.32,38.95,29.90
168,288,2136,205,1296,800,106,234,373,281,144,66,53,37,98,131,61,32
133.81,624.32,1969.12,182.64,993.75,578.66,88.92,168.49,425.79,176.68,117.63,33.39,40.62,27.25,86.07,139.45,40.22,29.90
100,287,2103,208,1273,815,155,305,353,370,114,72,50,33,95,124,63,32
202.77,628.20,1974.74,188.79,1000.77,590.73,61.95,131.47,477.66,138.96,146.52,31.07,47.11,33.86,89.69,141.69,38.95,29.90
161,294,2109,215,1282,832,108,238,396,291,142,67,58,41,99,126,61,32
155.97,666.07,2008.45,200.20,1021.85,594.28,63.68,140.31,425.79,144.21,118.66,31.53,64.17,28.90,85.16,132.70,39.59,29.90
126,312,2145,228,1309,837,111,254,353,302,115,68,79,35,94,118,62,32
138.74,634.03,1985.97,183.52,1003.89,578.66,96.95,177.88,394.43,176.68,119.69,34.32,38.99,26.42,86.97,143.94,40.86,30.84
94,287,2121,209,1286,815,169,322,327,370,116,74,48,32,96,128,64,33
398.14,653.45,1972.86,193.18,991.40,598.54,106.13,198.87,1786.40,200.08,221.84,35.24,97.48,53.68,214.71,74.22,41.50,31.77
319,317,2107,220,1270,843,185,360,1481,419,215,76,120,65,237,66,65,34
398.97,678.69,2011.25,189.66,1003.11,580.79,103.26,195.56,984.27,208.20,184.69,33.85,70.67,35.51,145.86,85.47,42.14,30.84
335,319,2148,216,1285,818,180,354,816,436,179,73,87,43,161,76,66,33
391.58,676.75,2003.76,188.79,1004.67,581.50,104.98,197.21,1077.15,206.77,181.60,34.32,68.24,34.68,105.09,76.47,42.14,30.84
329,319,2140,215,1287,819,183,357,893,433,176,74,84,42,116,68,66,33
363.67,635.00,1938.22,180.88,982.04,566.59,108.99,192.79,1431.77,199.13,195.01,34.32,89.36,38.81,140.42,73.10,40.86,29.90
285,293,2070,206,1258,798,190,349,1187,417,189,74,110,47,155,65,64,32
348.89,614.61,1896.09,176.49,960.18,548.84,101.54,183.40,809.37,191.96,197.07,32.46,58.49,32.21,104.19,68.60,40.86,28.97
282,287,2025,201,1230,773,177,332,671,402,191,70,72,39,115,61,64,31
341.50,615.58,1900.77,182.64,963.30,563.04,106.70,192.79,1489.67,193.87,187.79,33.85,91.79,35.51,100.56,65.22,40.22,29.90
264,295,2030,208,1234,793,186,349,1235,406,182,73,113,43,111,58,63,32
123.14,595.19,1908.26,178.25,966.42,553.81,87.20,160.20,464.39,170.48,125.88,32.92,47.93,35.51,87.88,152.94,39.59,30.84
104,271,2038,203,1238,780,152,290,385,357,122,71,59,43,97,136,62,33
156.80,630.14,1928.86,201.96,989.06,533.22,47.61,126.50,413.73,135.62,135.17,26.43,59.30,28.08,85.16,106.83,38.31,28.97
123,308,2060,230,1267,751,83,229,343,284,131,57,73,34,94,95,60,31
222.47,693.26,1912.94,209.86,992.18,541.74,63.10,154.12,427.00,175.73,80.48,28.75,81.23,36.33,65.23,103.46,39.59,29.90
159,319,2043,239,1271,763,110,279,354,368,78,62,100,44,72,92,62,32
141.20,627.23,1936.35,180.88,987.50,564.46,83.18,158.54,447.50,148.03,126.91,32.46,48.74,33.03,85.16,141.69,38.95,29.90
87,279,2068,206,1265,795,145,287,371,310,123,70,60,40,94,126,61,32
125.60,591.31,1892.34,180.88,958.62,565.17,99.24,180.64,247.27,189.58,94.93,33.85,51.99,23.95,77.91,140.57,40.22,29.90
111,278,2021,206,1228,796,173,327,205,397,92,73,64,29,86,125,63,32
126.42,545.67,1783.72,166.83,920.37,526.83,101.54,170.14,284.67,174.77,101.12,33.85,77.17,31.38,78.82,143.94,38.95,28.97
98,247,1905,190,1179,742,177,308,236,366,98,73,95,38,87,128,61,31
120.67,538.88,1766.87,167.71,911.00,532.51,98.10,164.62,365.48,165.70,104.21,33.85,47.11,24.77,83.35,152.94,38.95,28.97
95,249,1887,191,1167,750,171,298,303,347,101,73,58,30,92,136,61,31
113.29,551.50,1813.69,172.10,938.32,533.22,97.52,164.07,402.87,168.57,122.78,34.32,46.30,27.25,86.97,159.69,38.95,30.84
92,250,1937,196,1202,751,170,297,334,353,119,74,57,33,96,142,61,33
132.17,595.19,1915.75,183.52,976.57,565.17,89.49,164.62,431.82,169.52,117.63,33.39,38.99,26.42,86.97,145.07,40.22,29.90
102,274,2046,209,1251,796,156,298,358,355,114,72,48,32,96,129,63,32
141.20,639.85,1964.44,183.52,997.65,555.94,58.51,130.92,389.61,144.69,121.75,29.21,69.05,31.38,83.35,130.45,38.95,28.97
101,287,2098,209,1278,783,102,237,323,303,118,63,85,38,92,116,61,31
355.46,631.12,1931.67,175.62,968.77,553.10,101.54,185.61,857.62,195.31,193.98,33.39,60.92,35.51,138.61,79.84,40.86,30.84
307,292,2063,200,1241,779,177,336,711,409,188,72,75,43,153,71,64,33
383.37,670.92,1989.72,187.03,978.13,571.56,95.80,187.82,1176.06,200.56,179.53,32.46,74.73,41.29,178.47,86.59,41.50,30.84
315,317,2125,213,1253,805,167,340,975,420,174,70,92,50,197,77,65,33
367.77,635.00,1930.73,176.49,968.77,554.52,102.68,187.27,1480.02,198.65,211.52,33.39,85.29,47.90,171.23,93.34,40.86,30.84
314,294,2062,201,1241,781,179,339,1227,416,205,72,105,58,189,83,64,33
377.62,665.10,1958.82,189.66,996.09,568.01,103.83,196.11,1443.83,202.95,177.47,33.85,90.98,39.64,125.02,76.47,41.50,30.84
330,313,2092,216,1276,800,181,355,1197,425,172,73,112,48,138,68,65,33
363.67,612.67,1889.53,179.13,956.28,561.62,107.85,191.69,835.90,194.83,199.14,34.32,57.68,35.51,106.00,77.59,41.50,29.90
298,290,2018,204,1225,791,188,347,693,408,193,74,71,43,117,69,65,32
366.95,614.61,1895.15,178.25,958.62,560.20,102.68,188.93,1200.18,193.40,207.39,33.85,73.11,43.77,145.86,94.46,40.86,30.84
314,296,2024,203,1228,789,179,342,995,405,201,73,90,53,161,84,64,33
362.02,628.20,1919.49,179.13,962.52,565.17,103.26,189.48,1238.78,196.26,196.04,33.85,73.11,43.77,156.73,94.46,40.86,29.90
295,297,2050,204,1233,796,180,343,1027,411,190,73,90,53,173,84,64,32
364.49,631.12,1926.05,178.25,965.64,561.62,102.68,187.82,1230.33,197.22,197.07,33.39,73.11,43.77,156.73,94.46,40.86,29.90
291,295,2057,203,1237,791,179,340,1020,413,191,72,90,53,173,84,64,32
366.13,634.03,1929.79,180.01,967.98,565.88,103.26,189.48,1239.98,197.69,197.07,33.85,73.11,43.77,156.73,94.46,40.86,29.90
295,297,2061,205,1240,797,180,343,1028,414,191,73,90,53,173,84,64,32
368.59,635.00,1934.48,192.30,969.55,604.22,110.14,202.18,1324.42,197.69,208.42,36.17,77.98,47.07,157.64,100.09,40.86,31.77
308,318,2066,219,1242,851,192,366,1098,414,202,78,96,57,174,89,64,34
368.59,635.97,1936.35,177.37,970.33,559.49,102.68,187.82,1224.30,198.17,208.42,33.85,73.11,43.77,157.64,98.96,40.86,30.84
312,296,2068,202,1243,788,179,340,1015,415,202,73,90,53,174,88,64,33
370.23,636.94,1937.28,176.49,971.11,554.52,101.54,185.61,1213.45,198.17,208.42,32.92,72.30,42.94,157.64,92.21,40.86,29.90
291,292,2069,201,1244,781,177,336,1006,415,202,71,89,52,174,82,64,32
371.05,637.91,1939.16,180.88,972.67,568.72,103.83,190.58,1246.02,198.65,197.07,33.85,73.92,44.59,157.64,94.46,40.86,30.84
297,300,2071,206,1246,801,181,345,1033,416,191,73,91,54,174,84,64,33
374.34,637.91,1941.03,178.25,974.23,557.36,102.11,186.16,1695.93,198.17,212.55,32.92,98.29,52.02,184.82,79.84,40.86,29.90
296,294,2073,203,1248,785,178,337,1406,415,206,71,121,63,204,71,64,32
362.85,643.74,1939.16,180.88,985.94,555.94,100.96,186.72,610.34,199.13,188.82,33.39,49.55,31.38,98.75,64.10,42.14,29.90
284,294,2071,206,1263,783,176,338,506,417,183,72,61,38,109,57,66,32
317.70,597.13,1868.00,182.64,963.30,565.17,114.16,196.11,770.77,195.78,185.72,35.71,50.36,30.55,90.60,68.60,40.86,30.84
257,285,1995,208,1234,796,199,355,639,410,180,77,62,37,100,61,64,33
279.93,580.63,1830.54,169.47,945.35,530.38,113.58,187.82,554.86,192.92,203.27,35.24,47.11,29.73,133.18,68.60,40.22,30.84
215,261,1955,193,1211,747,198,340,460,404,197,76,58,36,147,61,63,33
266.80,569.95,1806.20,172.10,935.20,537.48,113.01,187.82,962.56,190.05,202.23,35.24,58.49,33.86,145.86,67.47,40.22,30.84
238,266,1929,196,1198,757,197,340,798,398,196,76,72,41,161,60,63,33
119.03,552.47,1807.13,175.62,936.76,553.10,108.42,180.09,392.02,170.00,116.59,35.71,57.68,27.25,86.97,151.82,39.59,29.90
84,259,1930,200,1200,779,189,326,325,356,113,77,71,33,96,135,62,32
212.62,565.09,1806.20,175.62,937.54,548.13,114.73,191.14,1236.37,186.23,112.47,36.17,73.92,46.24,97.84,78.72,39.59,29.90
279,273,1929,200,1201,772,200,346,1025,390,109,78,91,56,108,70,62,32
349.71,575.77,1802.45,172.98,933.64,541.03,114.73,191.14,788.86,189.10,214.62,36.17,56.86,37.99,163.07,74.22,40.22,29.90
281,270,1925,197,1196,762,200,346,654,396,208,78,70,46,180,66,63,32
128.88,555.38,1812.75,170.35,941.44,533.93,71.13,131.47,454.74,146.60,148.58,31.53,50.36,30.55,90.60,145.07,38.31,28.04
102,250,1936,194,1206,752,124,238,377,307,144,68,62,37,100,129,60,30
133.81,555.38,1813.69,174.74,943.79,550.97,73.43,135.34,469.22,130.36,141.36,32.46,52.80,31.38,89.69,148.44,37.67,28.97
104,258,1937,199,1209,776,128,245,389,273,137,70,65,38,99,132,59,31
177.32,562.18,1810.88,174.74,939.10,547.42,115.88,192.79,860.03,182.89,118.66,35.71,61.74,38.81,97.84,76.47,39.59,29.90
250,271,1934,199,1203,771,202,349,713,383,115,77,76,47,108,68,62,32
326.73,575.77,1806.20,178.25,936.76,551.68,114.16,190.58,656.18,183.37,222.87,36.17,45.49,32.21,183.00,71.97,40.22,29.90
266,274,1929,203,1200,777,199,345,544,384,216,78,56,39,202,64,63,32
317.70,574.80,1806.20,171.23,935.20,534.64,113.01,187.82,1090.41,190.53,211.52,35.24,72.30,40.46,195.69,74.22,39.59,30.84
275,267,1929,195,1198,753,197,340,904,399,205,76,89,49,216,66,62,33
136.27,544.70,1784.66,185.27,925.83,578.66,65.97,129.27,475.25,122.25,142.39,32.46,51.18,30.55,87.88,156.31,37.03,29.90
112,270,1906,211,1186,815,115,234,394,256,138,70,63,37,97,139,58,32
137.91,558.29,1820.24,176.49,937.54,554.52,66.54,130.37,443.89,127.98,132.07,31.53,57.68,31.38,87.88,149.57,37.67,28.97
104,262,1944,201,1201,781,116,236,368,268,128,68,71,38,97,133,59,31
174.03,644.71,1976.61,185.27,982.04,555.23,75.15,152.47,348.59,157.11,99.05,31.07,47.93,27.25,77.91,121.45,40.22,29.90
169,295,2111,211,1258,782,131,276,289,329,96,67,59,33,86,108,63,32
356.28,656.36,1939.16,194.06,989.84,572.27,81.46,162.41,457.15,190.53,137.23,32.46,60.11,33.86,92.41,124.83,41.50,30.84
164,302,2071,221,1268,806,142,294,379,399,133,70,74,41,102,111,65,33
196.20,646.65,1946.65,189.66,999.99,558.07,74.58,151.36,338.95,165.70,98.02,31.07,66.61,32.21,77.91,123.70,40.22,29.90
135,292,2079,216,1281,786,130,274,281,347,95,67,82,39,86,110,63,32
125.60,596.16,1907.32,180.01,964.86,553.10,98.10,185.06,1416.09,189.10,87.70,32.46,84.48,39.64,75.19,64.10,40.22,29.90
305,299,2037,205,1236,779,171,335,1174,396,85,70,104,48,83,57,63,32
367.77,663.16,1977.55,183.52,980.48,554.52,93.51,182.30,1131.43,201.99,182.63,32.00,72.30,42.11,106.90,78.72,41.50,29.90
297,306,2112,209,1256,781,163,330,938,423,177,69,89,51,118,70,65,32
141.20,601.02,1916.68,182.64,971.11,567.30,74.00,143.63,461.98,161.40,136.20,32.00,43.05,30.55,86.97,138.32,39.59,28.97
107,277,2047,208,1244,799,129,260,383,338,132,69,53,37,96,123,62,31
142.02,605.87,1909.19,196.69,989.84,597.12,71.71,145.84,388.40,144.21,113.50,33.39,65.80,31.38,82.44,146.19,38.95,30.84
111,292,2039,224,1268,841,125,264,322,302,110,72,81,38,91,130,61,33
170.75,685.49,2099.27,194.93,1058.54,616.29,72.85,149.70,357.04,158.06,106.28,33.39,67.42,31.38,79.72,136.07,40.86,30.84
137,317,2242,222,1356,868,127,271,296,331,103,72,83,38,88,121,64,33
153.51,681.60,2097.40,191.42,1052.29,611.32,93.51,175.67,446.30,163.31,133.10,34.78,43.05,28.90,86.97,139.45,40.86,30.84
105,311,2240,218,1348,861,163,318,370,342,129,75,53,35,96,124,64,33
243.81,692.28,2090.84,192.30,1053.85,610.61,92.93,176.22,751.47,167.61,106.28,34.78,60.92,38.81,80.63,113.58,40.86,31.77
276,327,2233,219,1350,860,162,319,623,351,103,75,75,47,89,101,64,34
182.24,683.55,2081.48,193.18,1047.61,616.29,72.85,150.26,307.58,157.11,91.83,32.92,52.80,25.60,77.91,134.95,40.22,29.90
138,318,2223,220,1342,868,127,272,255,329,89,71,65,31,86,120,63,32
431.80,704.91,2080.54,187.91,1039.80,602.09,107.85,198.87,1480.02,208.68,215.65,35.24,86.92,49.55,156.73,102.34,42.78,31.77
362,329,2222,214,1332,848,188,360,1227,437,209,76,107,60,173,91,67,34
172.39,682.58,2092.72,194.93,1054.64,619.84,72.85,150.26,341.36,153.28,106.28,33.39,91.79,35.51,82.44,133.82,40.22,29.90
134,319,2235,222,1351,873,127,272,283,321,103,72,113,43,91,119,63,32
153.51,680.63,2093.65,194.06,1051.51,618.42,102.11,191.14,347.39,201.99,81.51,35.24,55.24,27.25,77.91,138.32,42.14,31.77
106,315,2236,221,1347,871,178,346,288,423,79,76,68,33,86,123,66,34
163.36,679.66,2091.78,192.30,1053.07,612.74,67.12,140.87,457.15,146.60,132.07,32.46,66.61,35.51,87.88,140.57,40.22,29.90
118,311,2234,219,1349,863,117,255,379,307,128,70,82,43,97,125,63,32
153.51,680.63,2090.84,187.91,1049.17,598.54,103.26,192.24,230.39,204.38,89.77,34.78,40.62,19.82,75.19,125.95,42.14,30.84
126,308,2233,214,1344,843,180,348,191,428,87,75,50,24,83,112,66,33