385,661,1583,165,975,615,245,474,249,1761,201,244,37,27,84,103,204,43
386,665,1598,0,977,601,238,460,244,1767,213,238,37,28,84,105,212,43
386,667,1607,0,978,605,238,460,245,1770,214,239,37,27,84,98,216,42
386,668,1612,0,980,605,238,461,245,1771,215,239,37,27,84,98,218,42
385,667,1615,0,977,604,238,460,245,1769,215,239,37,27,84,97,219,42
386,669,1620,173,979,625,246,476,253,1771,205,248,39,28,84,101,221,43
387,670,1623,175,979,631,249,481,256,1772,205,251,39,28,84,102,220,44
387,670,1625,0,979,628,247,478,255,1772,205,249,39,28,84,101,222,43
387,670,1626,171,979,617,246,476,250,1773,203,248,38,28,84,99,222,43
387,670,1626,0,980,623,246,475,253,1774,204,248,39,28,84,100,222,43
387,671,1628,0,979,604,238,460,245,1773,216,240,38,27,84,97,223,42
387,670,1625,0,979,624,246,476,253,1773,205,248,39,28,84,100,222,43
387,670,1628,0,979,620,244,472,251,1772,205,247,38,28,84,99,223,43
387,671,1629,0,979,604,239,462,245,1772,216,242,38,28,84,103,223,43
387,671,1630,175,979,627,247,478,254,1772,205,250,39,28,84,101,223,43
387,671,1631,171,979,613,242,468,249,1772,205,245,38,28,84,99,224,43
388,671,1632,0,980,620,244,472,251,1772,205,247,39,28,84,100,224,43
388,671,1633,0,979,600,237,457,243,1772,216,239,37,27,84,97,224,41
388,671,1633,0,980,604,239,462,245,1772,216,242,38,28,84,103,224,44
388,671,1633,0,980,603,239,461,245,1772,216,242,38,28,84,103,224,43
388,671,1634,0,979,620,245,473,251,1772,204,247,39,28,84,100,225,43
388,671,1634,0,979,602,237,459,244,1771,216,240,37,27,84,97,225,42
387,670,1634,0,978,625,246,475,253,1769,204,249,39,28,84,100,225,43
388,671,1634,0,979,620,245,472,249,1769,205,247,38,28,84,99,225,43
388,671,1635,0,979,601,237,458,243,1770,216,240,37,27,84,96,225,42
388,671,1635,0,979,609,240,463,247,1770,216,243,38,27,84,97,225,42
388,671,1635,175,979,626,247,476,254,1770,205,249,39,28,84,100,225,43
388,671,1635,0,979,615,242,468,249,1770,205,245,38,28,84,99,225,43
388,670,1633,0,978,608,241,465,246,1771,216,244,38,28,84,103,226,44
388,671,1634,0,979,613,241,467,248,1770,205,244,38,28,84,98,226,42
388,671,1634,0,979,602,238,460,244,1770,216,241,38,28,84,103,226,43
388,671,1635,0,978,623,245,475,249,1769,205,248,38,28,84,99,226,43
388,671,1635,0,979,602,237,458,244,1769,216,240,38,27,84,96,226,42
388,671,1636,0,979,621,244,472,251,1769,204,247,39,28,84,99,226,43
388,671,1636,0,979,614,242,467,248,1769,205,245,38,28,84,99,226,43
388,671,1636,0,978,616,245,474,249,1770,205,248,38,28,84,99,226,43
388,671,1636,0,978,620,244,472,251,1769,205,247,39,28,84,99,227,43
388,671,1637,0,980,620,244,472,251,1770,205,247,39,28,84,99,226,43
388,672,1637,170,980,606,240,463,245,1770,216,243,38,28,84,103,226,44
388,672,1637,172,980,615,245,474,249,1769,205,248,38,28,84,98,227,43
388,671,1637,0,979,604,238,460,244,1769,216,241,38,27,84,96,226,42
388,671,1637,0,979,622,245,473,251,1769,204,248,39,28,84,99,226,43
388,672,1637,0,979,658,259,500,266,1770,216,261,41,30,84,104,226,45
388,671,1637,0,979,609,241,465,246,1768,216,244,38,28,84,103,227,44
388,671,1637,0,978,614,241,467,248,1768,205,244,38,28,84,98,227,42
388,671,1638,0,979,612,244,472,247,1768,204,247,38,28,84,98,227,43
389,671,1637,175,979,623,245,473,251,1770,205,248,39,28,84,99,227,43
387,670,1637,0,978,609,241,465,246,1765,216,244,38,28,84,103,227,44
388,671,1637,0,979,615,242,467,248,1766,205,245,38,28,84,98,227,42
388,670,1635,0,977,613,241,466,247,1767,205,244,38,28,84,97,227,42
388,671,1636,0,979,602,237,458,243,1768,216,240,37,27,84,96,227,42
388,671,1634,174,978,621,244,472,251,1769,204,247,39,28,84,99,227,43
388,671,1635,170,978,602,238,460,243,1769,216,241,38,28,84,103,228,43
388,671,1635,171,979,608,240,464,246,1768,216,243,38,28,84,102,228,44
388,671,1635,0,978,614,244,472,248,1768,205,247,38,28,84,98,229,43
388,671,1636,0,979,622,245,473,251,1768,205,248,39,28,84,99,228,43
388,671,1636,0,979,601,237,457,243,1768,216,239,38,27,84,96,228,42
388,671,1637,0,979,614,244,472,248,1767,205,247,38,28,84,98,228,43
388,671,1637,0,979,614,244,472,248,1768,205,247,38,28,84,99,228,43
388,671,1637,0,979,601,236,457,243,1767,216,239,37,27,84,96,229,42
389,671,1637,0,980,603,238,460,243,1768,216,241,38,28,84,103,228,43
389,671,1637,0,980,624,245,474,249,1768,204,248,38,28,84,98,228,43
389,671,1638,0,980,602,237,458,243,1768,216,240,37,27,84,96,228,42
389,671,1637,0,980,659,259,500,266,1768,216,261,41,30,84,103,228,45
389,671,1637,0,980,620,244,471,250,1768,205,246,39,28,84,98,229,43
389,672,1637,0,979,617,243,469,249,1768,204,246,38,28,84,98,228,43
389,672,1638,0,979,603,237,458,243,1768,216,240,38,27,84,96,229,42
389,672,1638,170,980,602,236,457,243,1768,216,239,37,27,84,96,228,42
389,672,1639,0,980,602,237,457,243,1767,216,239,37,27,83,96,229,42
389,672,1639,0,980,657,258,498,265,1767,216,261,41,30,83,103,229,45
389,672,1639,0,980,602,238,459,243,1767,216,241,38,28,84,102,229,44
389,672,1639,0,979,603,237,458,243,1767,216,240,38,27,84,96,230,42
389,672,1639,185,979,656,257,497,264,1767,216,260,41,30,84,103,229,45
389,672,1639,0,979,609,240,464,245,1767,216,243,38,28,84,102,229,44
389,672,1639,173,979,615,242,467,248,1767,204,245,38,28,84,98,230,42
389,672,1640,0,981,619,243,470,250,1767,205,246,39,28,84,98,229,43
389,672,1640,0,981,617,245,473,249,1767,204,248,38,28,83,98,229,43
389,672,1640,0,981,619,243,470,249,1767,205,246,38,28,84,98,230,43
389,672,1641,185,981,658,258,498,265,1767,216,261,41,30,84,103,230,45
389,672,1640,0,981,617,242,468,248,1767,204,245,38,28,83,98,230,43
389,672,1640,0,980,612,240,464,246,1767,204,243,38,28,84,97,230,42
389,672,1641,0,981,604,237,458,243,1767,215,240,38,27,83,96,230,42
389,673,1641,0,981,616,245,472,248,1767,205,248,38,28,84,98,229,43
389,672,1641,176,981,623,245,473,251,1767,204,247,39,28,83,98,230,43
389,673,1641,0,981,601,236,456,242,1768,216,239,37,27,84,95,230,41
389,673,1642,0,982,603,237,457,243,1766,216,239,38,27,84,96,230,42
390,673,1642,0,982,622,244,472,250,1767,204,247,39,28,84,99,231,43
389,673,1642,0,981,602,236,457,242,1768,216,239,37,27,84,95,231,42
389,673,1642,0,981,660,258,499,265,1768,216,261,41,30,84,103,230,45
389,673,1643,170,982,601,237,458,242,1767,216,240,38,28,83,102,230,43
390,673,1642,186,982,659,258,498,265,1767,216,261,41,30,83,103,230,45
390,673,1641,0,982,661,259,500,266,1768,215,261,41,30,83,103,231,45
390,673,1643,0,982,613,244,471,247,1767,204,247,38,28,83,97,231,43
390,673,1643,170,982,602,237,458,242,1768,215,240,37,27,83,96,231,42
390,674,1643,0,983,623,245,473,251,1768,204,247,39,28,83,99,230,43
390,673,1644,0,983,610,240,464,245,1767,215,243,38,28,83,102,231,44
390,674,1644,0,983,659,258,498,265,1768,216,261,41,30,84,103,231,45
390,674,1644,0,983,603,236,457,242,1768,216,239,37,27,83,95,231,42
390,674,1644,0,983,620,243,470,249,1768,204,246,38,28,84,98,231,43
390,674,1644,0,984,604,237,457,243,1768,216,240,37,27,84,95,230,42

355,668,1678,137,991,640,246,475,255,1583,202,264,39,28,85,104,211,42
355,672,1693,0,992,620,238,460,247,1588,215,257,38,27,84,98,219,41
356,674,1702,147,993,680,261,503,271,1590,216,281,41,30,84,105,223,44
356,675,1708,136,994,622,240,463,248,1591,216,260,38,28,84,104,225,43
356,676,1712,0,993,633,244,470,252,1592,205,264,39,28,84,99,227,42
356,676,1716,0,994,620,239,461,247,1592,217,259,38,27,84,97,228,41
356,676,1718,0,993,639,246,475,255,1592,206,267,39,28,84,99,229,42
356,677,1719,0,993,627,242,467,250,1592,217,263,39,28,84,103,229,43
356,677,1720,0,993,632,243,469,252,1592,204,264,39,28,84,98,229,42
356,677,1722,0,993,673,259,499,268,1591,217,281,41,30,84,103,230,44
356,677,1722,137,993,621,240,463,247,1590,217,262,39,28,84,103,230,43
356,677,1723,0,993,628,241,466,250,1591,217,263,39,28,84,96,230,41
356,677,1723,141,992,637,246,474,254,1590,205,267,39,28,84,99,230,42
357,677,1723,0,993,637,246,474,254,1590,205,267,39,28,84,99,230,42
357,676,1723,0,992,637,246,474,254,1590,206,267,39,28,84,99,230,42
357,676,1723,139,992,630,246,474,251,1589,206,268,39,28,84,98,231,42
357,677,1724,0,992,631,246,475,252,1589,206,268,39,28,84,99,231,42
357,676,1723,142,991,639,246,475,254,1589,206,268,39,28,84,100,231,42
357,676,1724,0,991,616,237,457,245,1589,217,258,38,27,84,96,230,41
357,676,1724,0,991,629,242,468,251,1588,205,264,39,28,84,98,231,42
357,676,1724,0,991,634,244,471,253,1588,206,266,39,28,84,98,231,42
357,676,1723,0,991,638,246,474,254,1587,205,268,39,28,84,99,231,42
357,676,1724,0,991,618,238,459,246,1587,217,259,38,27,84,96,231,41
357,676,1723,0,991,616,237,457,245,1588,217,259,38,27,84,96,231,41
357,676,1724,0,990,673,259,499,268,1587,217,282,41,30,84,103,232,44
357,676,1724,137,990,616,239,460,245,1587,217,260,38,28,84,102,232,42
357,676,1724,141,990,635,245,472,253,1586,206,267,39,28,84,99,232,42
357,676,1724,141,990,636,245,472,253,1586,206,267,39,28,84,99,231,42
357,676,1724,0,990,630,246,474,251,1586,204,268,39,28,84,98,233,42
357,675,1724,0,989,622,241,464,248,1585,217,263,39,28,84,102,233,43
357,676,1724,149,989,671,258,498,267,1585,217,281,41,30,84,103,232,44
357,675,1723,0,989,615,238,460,245,1585,217,260,38,28,84,102,233,43
357,675,1724,0,989,640,246,475,255,1585,206,269,39,29,84,100,233,42
357,675,1723,0,988,634,244,471,253,1584,204,267,39,28,84,98,233,42
357,675,1723,0,989,636,245,472,253,1584,205,267,39,28,84,98,233,42
357,675,1724,0,989,614,236,456,244,1584,217,258,38,27,84,95,233,41
357,675,1723,0,989,615,238,459,245,1584,217,260,39,28,84,102,232,42
357,675,1724,0,989,624,240,463,249,1584,217,262,38,28,84,96,232,41
357,675,1724,0,989,628,242,467,250,1584,205,264,39,28,84,98,233,42
357,675,1723,0,989,615,237,457,245,1584,217,259,38,27,84,96,233,41
357,675,1724,0,989,634,244,471,252,1584,205,266,39,28,84,98,233,42
357,675,1724,143,989,639,246,475,254,1583,205,269,39,29,84,99,233,42
357,675,1724,141,989,630,243,469,251,1583,203,265,39,28,84,98,234,42
357,675,1723,0,989,614,237,457,245,1583,217,259,38,27,84,96,233,41
357,675,1724,0,989,614,237,457,245,1583,217,259,38,27,84,96,234,41
358,675,1724,0,989,629,245,473,251,1583,205,267,39,28,84,98,234,42
358,675,1724,141,988,633,244,470,252,1582,206,267,39,28,84,98,234,42
358,675,1724,0,987,615,238,459,245,1582,217,260,38,28,84,102,234,42
358,675,1724,0,989,672,258,498,268,1583,217,282,41,30,84,103,233,44
358,675,1724,0,989,633,244,471,252,1583,205,267,39,28,84,99,234,42
358,675,1723,0,989,671,258,497,267,1582,217,282,41,30,84,102,234,44
358,675,1722,138,989,619,240,462,246,1582,217,262,39,28,84,102,234,43
358,675,1724,150,989,672,259,499,268,1582,217,282,41,30,84,103,234,44
358,675,1723,140,988,629,245,473,250,1582,205,268,39,28,84,98,234,42
358,675,1723,142,989,636,245,473,253,1582,205,268,39,28,84,99,234,42
358,675,1723,142,988,635,245,472,253,1581,205,267,39,28,84,99,235,42
358,675,1722,141,989,634,244,471,252,1581,205,267,39,28,84,99,235,42
358,675,1723,138,988,616,238,458,245,1579,217,260,38,27,84,96,235,41
358,675,1722,142,988,638,246,474,254,1581,206,269,40,29,84,99,234,42
358,675,1723,0,988,633,244,470,252,1581,205,266,39,28,84,98,234,42
358,675,1723,137,988,613,238,458,244,1581,216,260,38,28,84,102,235,42
358,674,1723,140,988,627,245,472,250,1580,205,268,39,28,84,97,235,42
358,675,1723,143,988,639,247,476,255,1581,205,270,39,29,84,99,235,42
358,675,1722,142,989,634,245,471,252,1581,205,267,39,28,84,99,235,42
358,675,1723,137,988,614,237,458,245,1580,216,260,38,28,84,96,234,41
358,675,1723,0,988,635,245,472,250,1580,204,267,39,28,84,98,235,42
358,675,1723,0,988,633,244,470,252,1580,205,266,39,28,84,98,235,42
358,675,1721,0,988,628,242,467,250,1580,204,265,39,28,84,97,235,42
358,675,1723,0,987,631,243,469,251,1580,205,266,39,28,84,98,235,42
358,675,1723,0,987,613,236,456,244,1580,217,258,38,27,84,95,235,41
358,675,1723,0,988,615,237,457,245,1580,217,259,38,28,84,95,235,41
358,675,1723,0,988,632,244,471,252,1581,206,267,39,28,84,98,235,42
358,675,1723,0,988,671,258,498,267,1580,216,282,42,30,84,103,235,44
358,674,1722,0,987,633,244,471,249,1579,205,267,39,28,84,97,237,42
358,674,1723,0,987,621,239,461,247,1577,217,261,38,28,84,95,237,41
358,675,1722,141,987,631,244,469,251,1579,205,266,39,28,84,97,236,42
358,675,1723,0,988,630,243,468,251,1579,205,266,39,28,84,97,236,42
358,674,1722,0,987,630,243,469,251,1578,205,266,39,28,84,98,237,42
358,674,1721,0,986,632,244,470,252,1579,204,267,39,28,84,97,236,42
358,674,1723,0,987,640,247,475,255,1579,206,269,40,29,84,99,235,42
358,674,1723,0,987,627,241,466,250,1579,204,264,39,28,84,97,236,41
358,674,1721,0,987,636,245,472,253,1579,205,268,39,28,84,99,236,42
359,674,1723,0,987,614,238,459,245,1578,216,260,39,28,84,101,237,42
359,675,1723,0,987,627,245,472,249,1578,205,268,39,28,84,97,236,42
359,675,1721,142,987,635,245,472,253,1578,205,268,39,28,84,98,237,42
359,675,1723,0,987,613,236,455,244,1579,216,258,38,27,84,95,236,41
359,675,1722,0,988,635,245,473,250,1577,203,268,39,28,84,98,236,42
359,675,1721,0,988,633,244,470,252,1578,203,267,39,28,84,97,236,42
359,675,1723,0,987,626,242,466,249,1578,204,265,39,28,84,97,236,42
359,675,1721,0,987,635,245,472,253,1578,205,267,39,28,84,98,236,42
359,675,1721,0,987,632,244,470,251,1578,205,266,39,28,84,98,236,42
359,675,1723,0,987,615,237,457,245,1579,216,259,38,27,84,95,236,41
359,675,1721,0,988,627,242,466,250,1579,204,264,39,28,84,97,236,42
359,674,1721,0,987,630,243,469,251,1578,205,266,39,28,84,97,237,42
359,675,1723,143,987,637,246,474,254,1578,205,269,40,29,84,99,236,42
359,675,1721,0,987,634,244,471,252,1578,205,267,39,28,84,98,236,42
359,675,1723,150,987,670,258,497,267,1578,216,282,41,30,84,102,236,44
359,675,1722,0,988,629,243,468,251,1578,204,265,39,28,84,97,236,42
359,674,1721,141,987,630,243,469,251,1577,205,266,39,28,84,98,238,42
359,675,1721,141,987,631,243,469,251,1577,204,266,39,28,84,98,237,42

312,655,1666,138,1005,638,230,427,253,1269,205,278,38,28,85,103,233,41
312,658,1681,0,1006,636,227,421,252,1272,206,275,38,28,85,100,242,40
312,660,1690,0,1008,627,224,416,249,1274,218,272,38,27,85,98,246,40
313,661,1696,0,1008,684,244,453,271,1276,218,296,42,30,85,105,249,43
313,662,1701,139,1008,628,226,419,249,1276,219,275,39,28,85,104,251,41
313,663,1704,142,1008,642,232,432,255,1277,208,283,39,28,85,100,252,41
313,663,1705,0,1009,649,232,431,258,1277,208,283,40,29,85,101,253,41
313,664,1709,0,1008,687,245,455,273,1277,219,299,42,30,85,105,254,43
313,664,1710,0,1009,644,231,428,256,1277,209,281,39,28,85,99,254,40
313,664,1711,0,1008,634,228,423,252,1277,219,278,39,28,85,104,255,42
313,664,1712,0,1008,641,230,426,255,1277,208,281,39,28,85,99,255,40
313,664,1713,146,1008,651,233,432,258,1277,209,284,40,29,85,101,255,41
313,665,1714,146,1008,651,233,433,258,1277,208,285,40,29,85,101,255,41
313,665,1715,0,1008,625,224,415,248,1277,220,273,38,28,85,97,255,40
313,665,1714,0,1008,639,228,424,253,1277,209,279,39,28,84,98,256,40
313,665,1715,145,1008,644,231,428,256,1277,208,282,40,28,85,100,256,41
313,665,1716,0,1008,625,224,415,248,1277,220,274,38,28,85,97,256,40
313,665,1716,144,1008,641,232,431,254,1277,208,284,40,28,85,99,256,41
313,665,1716,0,1008,638,231,428,253,1277,208,282,39,28,85,99,256,41
313,665,1716,0,1008,647,231,430,256,1277,208,283,40,29,85,100,256,41
313,665,1716,0,1008,635,227,422,252,1277,208,278,39,28,85,98,256,40
313,665,1716,144,1008,643,230,427,255,1277,208,282,39,28,85,99,256,41
313,665,1716,0,1008,645,231,428,256,1277,208,282,40,29,85,99,256,41
313,665,1717,0,1007,642,230,426,254,1277,208,281,39,28,85,99,257,41
313,665,1717,0,1007,639,229,425,254,1277,208,281,39,28,84,99,258,41
313,665,1717,0,1007,636,228,422,252,1276,208,279,39,28,84,98,257,40
313,665,1717,0,1007,637,228,423,252,1276,208,279,39,28,85,98,257,40
313,665,1717,0,1007,644,231,428,256,1276,208,282,40,29,85,99,258,41
314,665,1718,0,1008,632,226,420,251,1278,220,277,39,28,84,97,258,40
314,665,1718,0,1007,639,231,429,254,1278,208,283,39,28,85,99,258,41
314,665,1718,144,1008,639,231,429,254,1278,206,283,40,28,85,99,258,41
314,665,1717,0,1007,624,225,417,248,1277,220,275,39,28,85,103,258,41
314,665,1719,0,1007,637,231,429,253,1278,208,283,39,28,84,99,259,41
314,665,1719,0,1007,624,223,415,248,1278,220,274,38,28,84,97,258,40
314,665,1719,0,1007,681,243,452,270,1278,220,298,42,30,84,104,259,43
314,665,1719,141,1007,624,224,415,247,1277,220,274,39,28,84,97,260,40
314,665,1717,0,1007,624,225,417,248,1277,220,275,39,28,85,103,259,41
314,665,1719,144,1007,638,231,429,253,1277,208,283,39,28,84,99,259,41
314,665,1719,144,1007,637,228,424,253,1277,208,280,39,28,84,99,259,40
314,665,1719,146,1007,649,232,431,257,1277,209,284,40,29,84,99,259,41
314,665,1719,0,1006,625,224,415,248,1277,220,274,39,28,85,97,259,40
314,665,1718,0,1007,631,226,419,250,1277,220,276,39,28,84,96,259,40
314,665,1719,0,1007,645,231,428,256,1277,208,283,40,29,84,99,260,41
314,665,1719,0,1006,683,244,453,271,1277,220,299,42,30,84,104,260,43
314,665,1719,0,1007,624,223,415,247,1276,220,274,38,28,84,96,260,40
314,665,1719,0,1006,683,244,452,271,1277,220,298,42,30,84,104,260,43
314,665,1719,147,1006,648,232,431,257,1276,209,285,40,29,84,100,261,41
314,665,1719,0,1006,624,225,417,248,1277,220,275,39,28,84,103,260,41
314,665,1719,144,1006,638,231,429,253,1277,208,284,39,28,84,99,261,41
314,665,1719,0,1007,649,232,431,257,1277,209,284,40,29,84,100,260,41
314,665,1719,0,1006,641,229,426,254,1277,208,281,40,28,84,99,260,41
314,665,1719,0,1006,641,229,426,254,1276,208,281,39,28,85,98,261,41
314,665,1719,0,1006,642,230,426,254,1276,208,282,40,28,84,98,260,41
314,665,1719,0,1006,624,223,415,247,1276,219,274,38,28,84,97,261,40
314,665,1719,146,1006,646,231,430,253,1275,207,284,39,28,84,99,261,41
314,665,1719,146,1007,645,231,428,256,1276,208,283,40,29,84,100,261,41
314,665,1720,0,1007,641,229,426,254,1277,208,281,39,28,84,99,260,41
314,665,1720,145,1007,641,229,426,254,1276,208,281,39,28,84,98,261,40
314,665,1720,145,1007,643,230,427,255,1276,208,282,40,28,84,99,261,41
314,665,1720,144,1007,638,231,429,253,1276,208,284,39,28,84,99,261,41
314,665,1720,154,1007,682,243,452,270,1276,219,298,42,30,85,104,261,43
314,665,1720,141,1006,622,224,415,247,1276,219,274,39,28,84,102,262,41
314,665,1719,0,1007,636,228,423,252,1276,208,279,39,28,84,98,262,40
314,665,1720,0,1007,644,230,427,255,1276,207,282,40,29,84,99,263,41
314,665,1718,0,1006,682,243,452,270,1275,219,298,42,30,84,103,262,43
314,665,1718,0,1005,638,231,428,253,1276,208,283,39,28,84,98,262,41
314,665,1719,0,1006,681,243,451,270,1275,219,298,42,30,84,103,263,43
314,665,1718,0,1007,625,225,417,248,1276,219,276,39,28,84,102,262,41
314,665,1720,0,1006,636,230,428,252,1275,207,283,39,28,84,98,263,41
314,665,1720,0,1006,626,224,416,248,1276,219,274,39,28,84,96,262,39
314,665,1720,0,1006,642,230,426,254,1276,208,281,40,28,84,98,263,41
314,665,1720,0,1007,645,231,428,255,1276,208,283,40,29,84,99,263,41
314,665,1720,0,1006,631,226,419,250,1275,219,277,39,28,84,96,264,40
314,665,1720,0,1006,636,228,423,252,1276,207,279,39,28,84,98,263,41
314,665,1720,0,1007,682,243,452,270,1276,219,298,42,30,84,103,263,43
314,665,1719,0,1006,631,225,418,250,1276,219,276,39,28,84,96,263,40
314,665,1719,145,1006,642,229,426,254,1276,208,282,39,28,84,98,264,41
314,665,1719,0,1006,622,223,413,247,1276,219,273,39,28,84,96,263,40
314,665,1720,146,1006,643,230,427,255,1276,208,282,40,29,84,98,263,41
314,665,1718,0,1005,648,232,430,257,1275,208,284,40,29,84,100,264,41
314,665,1720,0,1006,641,230,426,254,1276,206,282,40,29,84,98,263,41
314,665,1719,0,1006,622,223,413,247,1275,219,273,38,28,84,96,263,39
314,665,1722,154,1006,682,243,451,270,1275,220,298,42,30,84,103,264,43
314,665,1722,0,1006,636,230,428,252,1275,208,283,39,28,84,98,264,41
314,665,1722,0,1006,681,243,451,269,1275,220,298,42,30,84,103,264,43
314,665,1720,145,1005,640,229,425,253,1275,207,281,39,28,84,98,263,41
314,665,1721,0,1006,623,225,416,247,1274,219,275,39,28,84,102,264,41
314,666,1722,145,1007,638,231,429,253,1275,207,284,39,28,84,98,264,41
314,665,1720,0,1006,633,227,421,251,1275,208,278,39,28,84,98,264,40
314,665,1721,0,1006,624,225,416,247,1275,219,275,39,28,84,102,264,41
314,665,1721,146,1006,642,230,427,255,1275,207,282,40,29,84,99,264,41
314,666,1721,147,1006,647,232,430,257,1275,208,285,40,29,84,100,264,41
314,665,1721,0,1006,681,243,451,270,1275,220,298,42,30,84,103,265,43
314,665,1721,154,1006,681,243,451,270,1275,219,298,42,30,84,103,264,43
314,665,1721,0,1006,623,224,416,247,1275,219,275,39,28,84,102,264,41
314,665,1721,0,1007,640,229,425,253,1275,206,281,39,28,84,98,264,41
314,665,1721,146,1007,643,230,427,255,1275,207,282,40,29,84,98,264,41
314,665,1720,0,1006,682,243,452,270,1275,220,299,42,30,84,103,264,43
314,665,1721,0,1005,623,223,414,247,1275,219,273,38,28,84,96,264,40
314,665,1721,0,1007,630,225,418,250,1276,219,277,39,28,84,96,264,40

335,666,1654,170,1019,649,236,449,252,1480,203,269,38,28,84,102,240,42
335,670,1669,182,1020,688,250,474,267,1485,216,285,41,29,84,106,250,44
335,671,1678,0,1020,639,232,441,248,1487,216,266,38,27,84,97,254,41
336,673,1684,0,1021,650,239,454,253,1488,205,274,39,28,84,100,257,42
336,673,1688,0,1021,651,237,451,253,1489,205,273,39,28,84,99,258,42
336,674,1691,0,1020,651,237,450,253,1490,206,273,39,28,84,99,260,42
336,674,1693,0,1021,650,237,451,253,1490,205,273,39,28,84,100,260,42
336,674,1695,0,1021,631,230,437,246,1491,217,265,38,27,84,96,261,41
336,674,1696,0,1020,632,231,439,246,1491,217,267,38,28,84,103,261,43
336,674,1698,0,1021,645,238,451,251,1491,205,274,39,28,84,98,262,42
336,675,1699,187,1021,689,250,476,268,1491,218,289,41,30,84,103,262,44
337,675,1700,0,1020,649,237,450,253,1492,206,274,39,28,84,99,263,42
336,675,1700,0,1021,633,231,438,246,1492,218,266,38,28,84,96,263,41
337,675,1701,0,1021,638,233,442,248,1492,218,268,38,28,84,96,263,41
336,675,1701,0,1021,643,235,446,250,1492,206,271,39,28,84,98,263,42
337,675,1700,0,1021,643,234,445,250,1492,206,270,39,28,84,98,263,42
337,675,1702,0,1021,689,251,476,268,1492,218,289,41,30,84,103,263,44
337,675,1703,0,1021,637,232,442,248,1493,218,268,38,28,84,96,263,41
337,675,1702,0,1021,630,230,436,245,1493,218,265,38,27,84,96,263,41
337,675,1703,0,1020,631,231,439,245,1493,218,267,38,28,84,102,263,43
337,675,1703,0,1020,632,232,440,246,1493,218,268,39,28,84,102,263,43
337,675,1703,0,1020,638,232,442,248,1493,218,268,38,28,84,96,264,41
337,675,1703,0,1020,650,237,451,253,1493,205,274,39,28,84,99,265,42
337,675,1704,0,1020,652,238,452,253,1493,205,275,39,28,84,99,265,42
337,675,1704,0,1020,629,229,436,245,1494,218,265,38,27,84,96,264,41
337,675,1704,0,1020,630,231,439,245,1493,218,267,39,28,84,102,264,43
337,675,1704,0,1020,688,251,476,268,1494,218,289,41,30,84,103,265,44
337,675,1703,0,1020,649,237,450,253,1494,206,273,39,28,84,98,264,42
337,675,1704,0,1020,689,251,476,268,1494,218,289,41,30,84,103,264,44
337,675,1702,0,1020,630,231,439,245,1494,218,267,38,28,84,102,265,43
337,675,1704,0,1020,630,231,439,245,1494,218,267,38,28,84,102,264,43
337,675,1704,0,1019,627,230,437,244,1494,218,266,38,28,84,102,264,43
337,675,1704,0,1020,628,229,436,244,1494,218,265,38,27,84,96,265,41
337,675,1704,0,1020,647,239,453,252,1494,207,276,39,28,84,98,264,43
337,675,1704,0,1019,649,237,450,252,1494,206,274,39,28,84,98,265,42
337,675,1705,0,1020,689,251,476,268,1494,218,289,41,30,84,103,266,44
337,675,1704,0,1019,648,236,449,252,1494,207,273,39,28,84,98,265,42
338,675,1704,178,1019,650,237,451,253,1494,204,274,39,28,84,99,266,42
338,675,1705,0,1019,648,236,450,252,1494,205,273,39,28,84,98,265,42
338,675,1704,0,1019,628,229,436,244,1495,218,265,38,27,84,96,265,41
337,675,1704,0,1019,646,236,448,251,1495,206,272,39,28,84,98,265,42
338,675,1704,0,1019,637,232,442,248,1495,218,268,39,28,84,96,265,41
338,675,1703,178,1018,650,237,451,253,1495,206,274,39,28,84,99,266,42
338,675,1705,0,1019,627,229,435,244,1495,218,265,38,27,84,95,266,41
338,675,1703,0,1019,643,237,451,250,1495,206,274,39,28,84,98,266,42
338,675,1705,0,1019,648,237,450,252,1495,206,273,39,28,84,98,266,42
338,675,1704,0,1019,629,229,436,244,1495,218,265,38,27,84,95,265,41
338,674,1704,0,1019,687,250,476,267,1495,218,289,41,30,84,103,266,44
338,675,1703,0,1019,649,237,451,253,1495,206,274,39,28,84,98,267,42
338,675,1705,0,1019,686,250,475,267,1495,218,289,41,30,84,103,266,44
338,675,1704,173,1019,628,231,438,245,1495,218,266,38,28,84,102,266,43
338,675,1704,0,1019,643,237,451,250,1495,206,274,39,28,84,98,267,43
338,675,1705,0,1018,628,229,436,244,1495,218,265,38,27,84,95,267,41
338,675,1703,0,1019,628,229,436,245,1495,218,265,38,27,84,95,266,41
338,675,1704,0,1018,638,234,445,248,1495,218,270,39,28,84,102,266,43
338,675,1704,0,1019,630,230,437,245,1495,218,265,38,27,84,95,267,41
338,675,1704,0,1019,628,229,435,244,1496,218,264,38,27,84,95,266,41
338,675,1704,0,1018,687,250,475,267,1495,218,289,41,30,84,102,266,44
338,675,1704,174,1018,632,232,441,246,1495,218,268,39,28,84,102,266,43
338,675,1704,0,1019,641,234,445,249,1496,206,270,39,28,84,97,267,42
338,675,1705,178,1018,649,237,451,253,1496,206,274,39,28,84,98,268,42
338,674,1704,0,1018,627,229,436,244,1496,218,265,38,27,84,95,267,41
338,675,1705,176,1018,642,237,451,250,1495,206,274,39,28,84,98,267,42
338,674,1705,176,1018,638,236,449,248,1495,206,273,39,28,84,97,268,42
338,675,1705,0,1018,641,234,444,250,1496,206,270,39,28,84,98,267,42
338,675,1704,0,1018,649,237,450,253,1496,207,273,39,28,84,97,267,42
338,675,1704,0,1018,646,236,449,252,1496,206,273,39,28,84,97,268,42
338,675,1704,189,1018,686,250,475,267,1495,218,289,41,30,84,102,268,44
338,674,1704,174,1017,631,232,440,246,1495,218,268,39,28,84,102,268,43
338,674,1706,0,1018,638,233,443,248,1496,206,269,39,28,84,97,268,42
338,674,1704,179,1018,650,237,452,253,1496,206,275,39,28,84,98,268,42
338,674,1703,0,1018,639,237,450,249,1496,206,274,39,28,84,97,267,42
338,675,1703,178,1018,646,236,448,252,1495,207,273,39,28,84,98,268,42
338,675,1703,0,1018,629,230,437,245,1496,218,266,38,27,84,95,267,41
338,674,1705,0,1018,628,229,436,244,1496,218,265,38,28,84,95,268,41
338,674,1705,0,1018,626,229,435,244,1497,218,264,38,27,84,95,267,41
338,674,1703,0,1018,648,237,451,252,1496,206,274,39,28,84,98,268,42
338,674,1705,0,1018,649,238,452,250,1495,205,275,39,28,84,98,268,42
338,674,1705,0,1018,686,250,476,267,1496,218,289,41,30,84,102,268,44
338,674,1703,0,1018,646,236,449,252,1496,206,273,39,28,84,98,268,42
338,674,1703,0,1018,687,250,476,267,1496,218,289,41,30,84,102,268,44
338,674,1703,0,1018,627,229,436,244,1496,217,264,38,27,84,95,268,41
338,674,1703,0,1017,642,237,451,250,1497,206,274,39,28,84,98,268,42
338,674,1704,0,1017,639,234,444,249,1497,206,270,39,28,84,97,268,42
338,674,1705,0,1017,627,229,435,244,1497,217,264,38,27,84,95,268,41
338,674,1704,178,1017,647,236,450,252,1496,206,273,39,28,84,98,269,42
338,674,1704,0,1016,646,236,450,252,1497,206,273,39,28,84,98,269,42
338,674,1705,188,1017,683,249,474,266,1497,218,288,41,30,84,102,268,44
338,674,1704,0,1017,639,233,444,249,1496,206,269,39,28,84,97,269,42
338,674,1703,0,1017,645,236,449,251,1496,204,272,39,28,84,97,269,42
338,674,1704,0,1017,640,237,450,249,1496,206,274,39,28,83,97,270,42
338,674,1705,0,1017,685,250,475,267,1496,217,288,41,30,84,102,270,44
338,674,1703,176,1017,641,237,451,249,1497,205,274,39,28,84,97,269,42
339,674,1705,0,1017,642,237,451,250,1496,206,274,39,28,84,98,268,42
338,674,1704,0,1017,643,237,451,250,1497,204,274,39,28,84,98,268,42
338,674,1704,188,1017,685,250,474,267,1497,218,288,41,30,84,102,269,44
338,674,1704,176,1017,640,237,451,249,1496,205,274,39,28,84,97,270,42
339,674,1704,0,1017,640,234,444,249,1497,206,270,39,28,84,97,268,42
339,674,1704,0,1017,648,237,451,252,1497,205,274,39,28,84,98,270,42
338,674,1704,0,1017,641,237,451,250,1497,206,274,39,28,84,97,269,42

386,689,1650,192,1026,683,259,500,265,1768,211,254,40,29,83,106,212,45
387,693,1664,0,1027,632,240,463,246,1773,212,237,37,27,83,97,221,42
388,695,1674,0,1027,636,242,466,247,1776,201,239,38,27,83,97,224,42
388,696,1678,0,1028,638,243,469,248,1777,202,240,38,27,83,98,226,43
389,697,1683,0,1028,648,246,475,252,1779,202,244,38,28,83,98,228,43
389,697,1686,0,1028,632,240,464,246,1779,201,238,38,27,83,96,228,42
389,698,1689,182,1028,628,239,461,244,1780,213,237,37,27,83,95,229,42
389,698,1691,0,1028,625,238,461,243,1780,214,237,37,27,83,95,229,42
389,698,1692,0,1028,644,245,473,250,1780,203,244,38,28,83,98,230,43
389,698,1692,0,1028,626,238,460,243,1780,214,237,37,27,83,95,230,42
389,698,1694,0,1028,685,260,502,266,1781,214,258,41,29,83,102,230,45
389,698,1695,0,1028,636,243,469,247,1781,214,241,38,28,83,101,231,44
389,699,1695,0,1028,625,238,459,243,1781,214,237,37,27,83,94,232,42
389,699,1696,0,1027,645,245,474,250,1781,203,244,38,28,83,97,232,43
389,699,1698,0,1028,684,260,502,266,1781,214,259,41,29,83,102,232,45
389,699,1697,200,1028,681,259,500,265,1781,214,258,41,29,83,101,232,45
389,699,1699,0,1026,636,245,474,247,1781,203,245,38,28,83,96,233,43
389,699,1698,200,1028,683,259,501,265,1781,214,258,41,29,83,102,233,45
390,699,1700,0,1027,639,243,471,248,1781,203,243,38,28,83,97,233,43
390,699,1699,187,1027,637,245,473,248,1781,203,244,38,28,83,96,233,43
390,699,1700,0,1027,644,245,474,251,1782,203,244,39,28,83,97,233,43
390,699,1700,0,1028,635,242,467,247,1780,202,241,38,27,83,96,232,42
390,699,1698,0,1027,623,237,458,242,1782,214,236,37,27,83,94,232,42
390,699,1701,0,1028,624,239,461,243,1782,214,238,38,28,83,100,233,43
390,699,1700,0,1027,639,246,476,248,1782,203,245,38,28,83,96,233,43
390,699,1700,0,1027,650,247,477,252,1782,203,246,39,28,83,98,233,43
390,699,1701,0,1028,682,259,501,265,1782,214,258,41,30,83,101,233,45
390,699,1700,0,1027,681,259,500,265,1782,214,258,41,29,83,101,233,45
390,699,1700,184,1027,624,239,461,243,1782,214,238,38,28,83,100,233,43
390,699,1701,200,1027,680,258,499,264,1783,214,257,41,29,83,101,233,45
390,699,1701,0,1027,642,245,472,250,1782,203,244,38,28,83,96,233,43
390,699,1701,0,1027,624,238,460,243,1782,214,237,37,27,83,95,234,42
390,699,1700,187,1027,636,245,473,247,1782,202,244,38,28,83,96,234,43
390,699,1702,0,1027,637,242,468,247,1782,202,241,38,27,83,95,235,43
390,699,1701,200,1027,679,258,499,264,1783,214,257,40,29,83,101,233,45
390,699,1701,0,1027,679,258,499,264,1783,214,257,41,29,83,101,234,45
391,699,1700,0,1027,642,244,472,250,1783,201,243,38,28,83,96,234,43
391,699,1702,0,1027,641,244,471,249,1783,203,243,38,28,83,96,234,43
391,699,1701,0,1027,683,259,501,265,1783,214,258,41,29,83,101,233,45
391,699,1701,184,1027,622,238,460,242,1783,214,238,38,27,83,100,234,43
391,699,1702,0,1027,624,239,461,242,1783,214,238,38,28,83,101,234,44
391,699,1700,0,1027,636,242,468,247,1783,203,241,38,28,83,96,234,43
391,699,1701,0,1027,643,247,478,250,1783,203,246,38,28,83,97,234,44
391,699,1700,0,1027,681,259,500,265,1783,214,258,41,29,83,101,234,45
391,699,1702,0,1027,633,244,472,246,1782,203,244,38,28,83,96,235,43
391,699,1701,0,1027,640,244,471,249,1782,200,243,38,28,83,96,235,43
391,699,1702,0,1027,621,237,458,241,1783,214,236,37,27,83,94,235,42
391,699,1701,0,1027,621,237,457,241,1783,214,236,37,27,83,94,234,42
391,699,1701,188,1027,635,245,474,247,1783,203,244,38,28,83,96,235,43
391,699,1702,191,1027,644,246,475,251,1783,203,245,39,28,83,97,235,43
391,699,1701,190,1026,645,246,474,251,1781,203,245,39,28,83,98,235,43
391,699,1702,186,1027,630,241,466,245,1784,214,240,38,28,83,101,234,44
391,699,1700,0,1027,624,239,461,243,1784,214,238,38,28,83,100,235,44
391,699,1702,0,1026,637,246,475,248,1783,201,245,38,28,83,96,236,43
391,699,1701,191,1026,645,246,475,248,1783,202,245,38,28,83,96,235,43
391,699,1700,0,1026,643,245,474,250,1783,203,244,38,28,83,96,235,43
391,699,1702,184,1026,622,237,459,242,1781,214,237,37,27,83,94,235,42
392,699,1705,0,1026,622,239,461,243,1781,214,238,38,28,83,100,235,43
393,699,1704,0,1026,639,244,471,249,1782,203,243,38,28,83,96,235,43
393,699,1704,190,1026,641,245,473,250,1783,203,244,38,28,83,96,235,43
393,699,1705,0,1025,621,237,457,242,1783,214,236,37,27,83,94,235,42
392,699,1704,0,1025,628,241,465,245,1782,214,240,38,28,83,100,235,44
393,699,1704,0,1026,634,242,468,247,1783,202,242,38,28,83,96,235,43
393,699,1704,184,1025,622,238,460,242,1783,214,237,37,27,83,94,236,42
393,699,1704,192,1026,647,247,477,252,1781,203,246,39,28,83,98,235,44
393,699,1706,0,1026,634,242,468,247,1783,203,242,38,28,83,96,235,43
393,699,1706,0,1025,648,247,477,252,1783,203,246,39,28,83,98,235,44
393,699,1706,0,1025,633,241,466,246,1782,203,241,38,28,83,96,236,43
393,699,1704,188,1025,634,242,468,247,1781,202,242,38,28,83,96,236,43
393,699,1706,0,1026,681,259,501,265,1783,214,258,41,30,83,101,235,45
393,699,1704,0,1025,623,239,461,242,1782,214,238,38,28,83,100,235,44
393,699,1704,0,1025,633,245,473,247,1781,203,244,38,28,83,96,236,43
393,699,1704,0,1025,630,240,464,245,1783,214,239,38,27,83,94,236,42
393,699,1706,188,1025,636,243,469,248,1783,202,242,38,28,83,96,235,43
393,699,1704,0,1025,636,243,470,248,1784,203,242,38,28,83,96,235,43
393,699,1704,0,1025,634,245,474,247,1784,202,244,38,28,83,96,235,43
393,699,1704,0,1025,640,244,472,249,1783,202,243,38,28,83,96,236,43
393,700,1704,0,1025,627,241,465,245,1784,214,240,38,28,83,100,236,44
393,700,1704,200,1026,677,258,498,264,1784,214,256,41,29,83,101,236,45
393,700,1704,185,1025,624,239,462,243,1784,214,238,38,28,83,100,236,44
393,700,1704,0,1025,622,238,459,243,1784,214,236,38,27,83,94,237,42
394,700,1704,190,1025,640,244,473,249,1784,202,243,38,28,83,97,237,43
393,699,1705,0,1025,621,237,458,242,1783,214,236,37,27,83,93,236,42
393,699,1704,0,1025,623,238,459,243,1784,214,237,38,27,83,94,236,42
393,700,1704,0,1025,641,244,472,249,1784,202,243,38,28,83,96,236,43
394,700,1704,0,1024,633,242,467,246,1784,201,240,38,28,83,96,236,43
394,699,1705,0,1025,639,244,472,249,1784,202,243,38,28,83,96,236,43
394,699,1704,0,1025,622,237,459,242,1784,214,236,37,27,83,94,236,42
394,700,1704,0,1025,644,245,474,250,1783,202,244,39,28,83,97,236,43
394,700,1704,0,1025,642,245,474,250,1785,202,244,39,28,83,96,236,43
394,700,1706,0,1026,642,245,473,250,1785,202,244,38,28,83,96,236,43
394,700,1705,201,1026,679,258,499,264,1785,214,257,41,29,83,101,236,45
393,700,1710,0,1024,636,244,473,247,1778,202,245,38,28,83,96,237,43
393,700,1711,0,1024,641,244,471,249,1779,203,244,38,28,83,96,237,43
391,699,1711,0,1023,623,237,458,240,1769,214,238,38,28,83,100,238,43
392,700,1711,0,1024,642,242,470,248,1773,202,244,38,28,83,97,238,43
392,700,1710,186,1023,638,242,469,246,1772,203,243,39,28,83,102,238,44
392,700,1711,186,1023,637,244,472,246,1771,203,245,38,28,83,96,238,43
392,700,1711,0,1023,631,238,461,243,1772,214,239,38,27,83,94,237,42
392,699,1709,0,1022,638,241,467,246,1772,203,242,38,28,83,96,237,42

350,649,1617,133,946,604,239,460,247,1550,214,260,38,28,84,105,218,42
351,652,1632,136,948,615,242,468,252,1554,203,265,39,28,84,100,227,42
350,654,1640,0,948,612,240,464,250,1555,204,263,38,28,84,97,231,41
351,655,1645,0,948,607,239,461,249,1556,204,262,38,28,83,97,233,41
351,655,1648,0,948,605,238,460,248,1556,216,262,38,28,83,95,235,41
351,656,1650,0,948,604,238,459,247,1556,216,261,38,28,83,95,235,41
351,656,1654,0,948,596,235,454,245,1556,216,258,38,27,84,95,236,40
351,656,1653,147,948,653,256,495,267,1554,216,282,41,30,83,102,236,44
351,656,1654,0,948,596,235,453,244,1555,216,258,38,27,83,95,237,40
351,656,1654,141,948,621,244,472,254,1556,205,269,39,29,84,99,237,42
351,657,1656,0,948,607,239,462,249,1555,205,263,39,28,83,97,236,41
351,657,1656,0,948,597,235,454,245,1556,216,260,38,27,83,95,237,40
351,657,1657,0,947,614,242,467,251,1554,204,267,39,28,83,97,237,42
351,657,1656,0,947,614,242,467,252,1555,205,267,39,28,83,98,238,42
351,657,1657,0,947,614,242,467,252,1555,205,267,39,28,83,97,238,42
351,657,1657,0,947,652,256,495,267,1553,217,283,41,30,83,102,238,44
351,657,1657,0,947,608,242,468,249,1554,205,268,39,28,83,97,239,42
351,657,1657,0,947,614,242,467,251,1554,204,267,39,28,83,97,238,42
351,657,1657,0,947,602,238,459,247,1554,217,263,39,28,83,101,238,43
351,657,1658,0,947,616,243,469,249,1554,205,269,39,28,83,97,239,42
351,657,1660,0,947,594,234,452,243,1552,217,259,38,27,83,95,238,40
351,657,1658,0,947,607,239,461,248,1552,205,264,39,28,83,96,239,41
351,657,1658,0,947,615,242,468,252,1551,205,268,39,28,83,98,239,42
351,657,1657,0,947,615,242,468,252,1552,204,268,39,28,83,98,239,42
351,657,1659,0,947,609,243,468,250,1552,203,268,39,28,83,97,239,42
351,657,1658,0,947,608,239,462,249,1552,205,265,39,28,83,96,238,41
351,657,1658,141,947,621,244,472,254,1552,206,270,40,29,83,99,238,42
351,658,1659,0,947,609,240,464,249,1552,205,266,39,28,84,97,239,42
351,657,1658,0,947,606,239,461,248,1552,205,264,39,28,83,96,239,41
351,658,1659,0,947,651,256,494,267,1550,217,283,41,30,83,102,239,44
351,657,1659,0,947,603,237,457,246,1551,216,262,38,28,83,95,240,41
351,658,1660,0,947,609,242,468,249,1551,205,268,39,28,83,97,239,42
351,657,1661,139,947,606,242,467,248,1550,205,268,39,28,83,97,240,42
351,658,1659,138,947,602,238,459,247,1551,216,264,39,28,83,101,239,42
351,657,1659,0,947,607,239,461,248,1550,206,265,39,28,83,97,239,41
351,657,1659,0,947,595,234,452,243,1549,217,259,38,27,83,94,240,40
351,657,1660,148,947,650,255,493,266,1550,217,283,41,30,83,102,239,44
351,657,1660,0,947,594,234,452,243,1548,216,259,38,27,83,94,240,40
351,658,1660,0,947,613,241,466,251,1549,205,267,39,28,83,98,240,42
351,658,1660,0,948,650,255,493,266,1550,216,282,41,30,83,102,239,44
351,658,1662,0,948,607,242,467,249,1548,205,268,39,28,83,97,240,42
351,658,1663,0,948,614,241,466,251,1549,204,267,39,28,83,98,240,42
351,658,1661,0,947,613,241,465,251,1548,205,267,39,28,83,97,240,41
351,658,1663,136,947,595,235,454,243,1548,216,261,38,28,83,101,240,42
351,658,1661,141,947,615,242,467,251,1546,205,268,39,28,83,97,241,42
351,658,1661,148,947,648,254,491,265,1546,216,282,41,30,83,101,241,44
351,658,1661,136,947,596,236,455,244,1548,217,261,39,28,83,101,240,42
351,658,1661,148,947,650,255,492,266,1547,216,283,41,30,83,102,241,44
351,658,1662,0,947,611,240,463,249,1548,205,266,39,28,83,96,240,41
351,658,1661,0,948,594,234,451,243,1548,216,259,38,27,83,94,240,40
351,658,1662,0,948,601,236,456,246,1548,216,262,38,27,83,95,240,41
351,658,1661,0,947,614,241,466,251,1547,204,267,39,28,83,97,241,42
351,658,1662,0,948,614,242,466,251,1548,203,268,39,28,83,97,240,42
351,658,1662,141,948,618,243,468,253,1548,206,269,39,28,83,97,240,42
351,658,1661,139,948,610,240,463,249,1548,204,266,39,28,83,97,240,41
351,658,1661,0,948,609,242,468,249,1548,205,269,39,28,83,97,240,42
351,659,1662,0,948,610,242,468,249,1546,204,269,39,28,83,97,240,42
351,658,1660,139,947,610,243,468,249,1546,205,269,39,28,83,97,240,42
351,658,1660,140,948,615,242,467,251,1547,205,268,39,28,83,98,240,42
351,658,1660,0,948,595,234,452,243,1547,216,259,38,27,83,94,240,41
351,658,1660,0,948,596,234,452,243,1546,216,260,38,27,83,94,240,40
351,658,1662,0,948,607,239,460,248,1547,204,264,39,28,83,96,240,41
351,658,1660,0,948,616,242,467,252,1547,205,269,39,28,83,97,241,42
351,658,1661,0,948,594,234,451,243,1546,216,259,38,27,83,94,241,41
351,658,1661,0,948,607,239,461,248,1547,205,265,39,28,83,96,241,41
351,658,1661,0,948,614,241,466,251,1546,204,268,39,28,83,97,241,42
351,658,1661,0,948,650,255,492,266,1546,216,283,41,30,83,101,241,44
351,658,1660,0,948,612,241,465,250,1546,205,267,39,28,83,97,241,42
351,658,1660,0,948,596,234,452,244,1546,216,260,38,27,83,94,241,40
351,658,1660,136,947,595,235,453,243,1545,216,261,38,28,83,100,241,42
351,658,1661,0,947,619,243,469,253,1545,205,270,39,28,83,98,241,42
351,658,1661,0,947,602,238,458,246,1545,216,264,39,28,83,101,242,43
351,658,1661,139,947,609,240,462,249,1545,204,266,39,28,83,96,242,41
351,658,1661,140,947,615,242,466,248,1544,204,268,39,28,83,96,242,42
351,658,1661,0,948,616,242,468,249,1545,204,269,39,28,83,97,241,42
351,658,1661,138,947,602,238,458,246,1543,216,264,39,28,83,100,242,42
351,658,1661,0,947,594,234,451,243,1543,216,259,38,27,83,94,242,40
351,658,1661,0,947,651,255,493,266,1544,216,283,41,30,83,101,241,44
351,658,1661,0,948,613,241,465,251,1543,204,268,39,28,83,97,241,42
351,658,1661,139,947,609,239,462,249,1544,205,266,39,28,83,96,242,41
350,658,1661,0,947,597,234,452,244,1544,216,260,38,27,83,94,242,40
351,659,1661,0,948,597,235,453,244,1545,216,261,38,27,83,94,241,41
351,659,1661,138,948,603,238,459,246,1544,217,264,39,28,83,101,242,42
351,659,1661,0,948,614,244,471,251,1543,205,271,39,28,83,97,242,42
351,659,1661,0,948,612,241,465,250,1543,204,267,39,28,83,96,242,41
350,659,1661,0,947,608,239,461,248,1544,205,265,39,28,83,96,242,41
351,658,1661,0,947,595,235,454,244,1543,216,261,39,28,83,100,242,42
351,659,1662,0,947,621,244,470,254,1543,205,270,40,29,83,98,242,42
351,658,1661,141,947,615,241,466,251,1543,204,268,39,28,83,97,242,42
351,658,1661,140,947,612,241,465,250,1542,204,267,39,28,83,96,242,41
351,659,1661,0,947,608,239,461,248,1542,204,265,39,28,83,96,242,41
351,658,1661,0,947,595,235,454,243,1543,216,261,38,28,83,100,242,42
351,659,1661,0,948,611,240,463,250,1543,205,267,39,28,83,96,242,41
350,659,1661,0,948,608,242,466,249,1542,205,268,39,28,83,97,242,42
351,658,1663,0,947,609,242,467,249,1542,205,269,39,28,83,97,242,42
351,658,1661,0,948,615,242,467,251,1544,205,268,39,28,83,97,242,42
351,658,1661,136,947,595,235,453,243,1542,216,261,38,28,83,100,243,42
351,659,1661,0,947,613,241,466,251,1543,204,268,39,28,83,97,243,42
351,658,1661,149,947,650,255,492,266,1543,216,283,41,30,83,101,243,44
351,658,1661,0,947,649,255,492,265,1542,216,283,41,30,83,101,243,44

307,616,1602,0,924,591,222,412,245,1271,212,264,37,27,84,97,236,39
307,616,1617,120,919,606,229,424,250,1231,203,277,39,28,84,99,245,40
308,618,1626,0,920,602,224,416,249,1231,216,272,38,27,84,96,249,39
308,619,1631,0,920,613,229,424,253,1234,204,278,39,28,84,98,251,40
309,620,1637,0,921,613,229,423,253,1232,205,278,39,28,84,97,253,40
309,621,1639,0,921,615,230,425,254,1233,204,279,39,28,83,98,254,40
309,621,1640,123,921,614,229,424,254,1233,205,279,39,28,84,97,254,40
309,622,1642,124,921,621,232,429,256,1234,206,282,40,29,84,99,255,41
309,622,1644,0,921,609,230,426,252,1233,204,280,39,28,84,97,255,41
309,621,1645,0,922,615,230,425,254,1233,205,280,40,28,84,97,255,40
309,622,1646,0,921,610,228,422,252,1234,205,278,39,28,84,96,256,40
309,621,1650,0,921,596,222,411,246,1228,217,271,38,28,84,95,256,39
309,622,1649,0,921,606,226,418,250,1228,206,276,39,28,84,97,256,40
309,622,1652,0,922,614,229,423,253,1228,206,280,39,28,84,97,256,40
309,623,1650,0,922,613,229,423,250,1229,206,280,39,28,84,97,256,40
309,623,1651,124,922,616,230,425,254,1230,206,281,40,29,84,98,257,40
310,623,1651,124,922,617,230,426,252,1233,205,282,39,28,84,97,257,40
309,623,1652,0,922,596,223,413,246,1229,217,273,39,28,84,101,256,41
310,623,1653,0,922,617,230,426,251,1228,206,282,39,28,84,97,257,40
309,624,1655,125,924,620,231,428,256,1232,206,282,40,29,84,98,257,41
310,624,1656,123,924,610,228,421,252,1231,206,279,39,28,84,97,258,40
310,624,1656,0,924,598,223,412,247,1234,217,272,39,28,84,94,257,39
307,625,1657,0,924,598,223,412,247,1231,218,273,39,28,84,94,257,39
310,625,1659,0,925,610,227,420,252,1231,206,278,39,28,84,96,259,40
310,625,1658,0,925,596,222,412,246,1230,217,273,39,28,84,95,258,39
311,626,1660,123,925,609,230,426,251,1238,205,282,39,28,84,96,258,40
311,625,1661,0,926,597,223,412,247,1237,218,272,39,28,84,94,258,39
311,625,1662,0,926,604,226,418,249,1239,217,277,39,28,84,101,259,41
311,627,1660,0,927,596,222,411,246,1238,218,271,38,28,84,94,259,39
312,627,1661,0,926,611,230,426,251,1236,206,281,39,28,84,97,259,40
312,627,1660,0,926,613,229,424,253,1242,206,280,40,28,84,97,258,40
312,627,1661,0,926,653,243,450,269,1243,218,297,42,30,84,102,259,42
312,627,1661,0,927,603,226,418,249,1242,218,276,39,28,84,101,259,41
312,626,1661,0,926,603,224,416,249,1241,218,275,39,28,84,95,259,39
311,626,1663,0,927,610,227,421,252,1236,206,278,39,28,84,97,260,40
312,627,1662,0,927,598,223,413,247,1238,218,273,39,28,84,94,260,39
313,627,1664,124,927,614,229,423,253,1240,206,280,40,28,84,97,260,40
313,627,1664,0,928,616,230,425,254,1242,206,281,40,28,84,97,259,40
312,627,1661,0,926,615,229,424,254,1241,205,280,40,28,84,96,259,40
311,625,1660,0,925,608,229,425,251,1230,207,282,39,28,84,97,260,40
311,624,1660,0,925,598,223,412,247,1229,218,273,39,28,84,94,259,39
312,626,1663,0,926,597,223,413,246,1232,218,274,39,28,84,95,260,39
311,625,1662,123,926,608,229,425,251,1234,206,281,39,28,84,96,260,40
313,627,1663,0,927,604,226,419,249,1236,218,277,39,29,84,101,259,41
313,626,1664,124,927,610,228,422,252,1238,207,280,39,28,84,97,261,40
314,627,1665,0,927,607,226,419,251,1241,206,277,39,28,84,96,260,40
314,628,1665,0,928,598,223,413,246,1240,218,273,39,28,84,94,260,39
313,627,1665,0,927,609,227,420,251,1238,206,278,39,28,84,96,260,40
313,626,1664,0,927,609,227,420,251,1239,206,278,39,28,84,96,260,40
314,627,1665,125,927,615,229,425,253,1239,207,281,40,28,84,97,260,40
313,627,1664,0,927,619,230,427,255,1239,207,282,40,29,84,97,259,40
313,626,1663,0,926,598,223,413,246,1240,218,272,39,28,84,94,260,39
314,626,1664,0,928,598,223,412,246,1234,218,273,39,28,84,94,260,39
312,626,1663,0,926,603,225,416,249,1233,218,275,39,28,84,95,260,39
314,627,1664,0,927,609,229,424,251,1235,206,281,39,28,84,97,259,40
316,626,1666,0,928,609,227,419,251,1234,207,278,39,28,84,97,259,40
316,626,1665,0,928,608,227,420,251,1234,207,278,39,28,84,97,260,40
317,626,1666,0,928,615,232,429,254,1234,207,285,40,29,84,97,259,41
320,626,1666,0,928,611,230,427,252,1233,206,283,39,28,84,97,260,40
317,626,1666,0,928,597,222,411,246,1235,218,272,39,28,84,94,260,39
317,627,1667,125,929,621,231,427,256,1237,207,283,40,29,84,97,259,40
317,627,1666,0,927,599,223,413,247,1231,218,274,39,28,84,94,260,39
318,628,1666,0,928,610,230,425,252,1230,207,282,39,28,84,96,260,40
318,626,1666,124,928,616,230,425,254,1233,206,282,40,29,84,97,261,40
318,626,1666,0,927,617,230,425,255,1230,207,282,40,29,84,97,260,40
318,627,1666,0,927,615,229,425,254,1236,206,281,40,29,84,97,261,41
317,627,1666,124,927,615,229,424,251,1232,207,281,39,28,84,96,261,40
316,627,1665,131,927,652,242,448,269,1233,218,297,42,30,84,101,261,42
316,627,1665,122,927,603,226,418,249,1232,218,277,39,28,84,100,261,41
316,625,1665,124,927,614,229,425,251,1234,206,281,39,28,84,96,262,40
317,627,1665,0,927,598,223,413,247,1235,218,274,39,28,84,94,260,39
317,625,1665,131,927,650,242,447,268,1232,218,297,42,30,84,101,261,42
317,626,1666,121,927,596,224,413,246,1233,218,274,39,28,84,100,261,41
311,623,1661,0,924,615,229,424,254,1225,206,282,40,28,84,97,260,40
313,624,1661,0,924,595,222,410,245,1225,218,272,38,28,84,94,260,39
313,624,1662,0,924,597,222,411,246,1224,218,273,39,28,84,94,260,39
313,624,1661,0,924,613,228,422,253,1228,206,280,39,28,84,96,260,40
313,623,1662,0,924,613,231,427,253,1223,206,284,40,28,84,97,260,41
314,624,1663,122,926,608,227,420,251,1227,206,279,39,28,84,97,261,40
314,624,1663,120,925,596,224,413,246,1227,218,274,39,28,84,101,260,41
314,625,1663,124,925,617,230,425,252,1226,205,283,40,28,84,97,261,40
314,625,1663,122,925,607,226,419,251,1225,206,278,39,28,84,96,262,40
314,624,1663,0,925,608,229,424,251,1225,206,282,39,28,84,96,261,40
314,624,1663,0,925,652,242,448,269,1224,218,298,42,30,84,101,261,42
314,625,1663,0,925,595,222,410,246,1224,218,273,39,28,84,94,261,39
314,625,1663,0,925,613,229,423,253,1228,205,280,40,28,84,97,260,40
313,624,1662,0,924,597,222,410,246,1222,218,273,39,28,84,94,260,39
314,623,1663,0,924,609,229,424,252,1216,206,282,39,28,84,97,261,40
314,625,1663,123,925,616,229,424,254,1216,206,283,40,29,84,97,260,40
315,624,1664,0,926,617,230,424,255,1218,207,283,40,29,84,97,261,40
315,625,1664,0,926,596,222,410,246,1217,218,273,39,28,84,94,261,39
315,625,1664,0,926,608,229,423,251,1216,206,282,39,28,84,97,261,40
315,624,1664,0,925,615,229,423,254,1217,206,282,40,29,84,97,262,40
315,624,1664,0,925,596,222,410,246,1216,218,274,39,28,84,94,262,39
315,625,1664,0,925,607,226,417,251,1216,207,279,39,28,84,96,262,40
315,624,1664,0,925,614,229,423,253,1220,207,282,40,28,84,96,262,40
315,624,1664,124,925,617,230,425,254,1219,206,283,40,29,84,97,263,41
315,625,1664,124,925,620,231,427,256,1219,207,284,40,29,84,97,261,40
315,625,1664,0,924,594,222,409,245,1218,218,273,39,28,84,94,262,39
316,625,1663,0,925,606,226,418,250,1221,207,278,39,28,84,96,261,40

347,703,1715,0,1066,652,232,442,247,1534,214,260,37,27,84,97,247,41
348,706,1731,0,1067,679,242,461,258,1538,204,272,39,28,84,99,257,43
348,708,1739,0,1068,675,240,458,256,1540,204,271,39,28,84,98,263,43
345,709,1747,0,1068,662,235,449,251,1541,216,266,38,27,84,95,265,41
348,709,1748,0,1068,661,235,448,251,1541,216,266,38,27,84,94,266,41
349,710,1751,0,1068,674,240,458,256,1542,204,272,39,28,84,98,267,43
349,710,1753,0,1067,662,237,451,251,1543,217,268,39,28,84,101,267,43
349,710,1756,0,1068,714,254,484,271,1542,217,287,42,30,84,101,268,45
349,710,1758,0,1067,656,235,447,249,1542,217,266,39,28,84,101,269,43
349,711,1758,0,1067,661,235,448,251,1544,217,267,39,28,84,94,269,41
349,711,1759,189,1067,673,240,457,255,1544,206,272,39,28,84,96,269,42
349,711,1759,201,1067,715,254,484,271,1542,217,288,42,30,84,102,269,45
349,711,1760,0,1067,670,239,455,255,1544,204,271,39,28,84,96,270,42
350,711,1760,0,1067,667,238,454,253,1544,205,270,39,28,84,96,270,42
350,711,1762,0,1067,653,233,444,248,1545,217,264,38,27,84,94,271,41
350,711,1761,190,1067,673,240,458,255,1545,205,272,39,28,84,97,270,43
350,711,1761,0,1067,680,242,461,258,1545,206,275,40,28,84,97,270,43
350,710,1761,187,1066,664,237,452,252,1545,205,270,39,28,84,96,271,42
350,710,1761,0,1066,673,240,457,256,1545,205,272,39,28,84,97,271,43
350,710,1762,0,1066,652,233,443,248,1545,217,264,38,27,84,94,270,41
350,710,1761,188,1065,665,238,453,253,1544,205,270,39,28,84,96,272,42
350,710,1761,0,1066,674,240,458,253,1543,205,273,39,28,84,96,271,43
350,710,1762,189,1065,671,239,456,255,1545,205,272,39,28,84,97,271,43
350,710,1763,201,1065,711,253,483,270,1544,217,288,42,30,84,101,271,45
350,710,1762,184,1065,650,233,444,247,1542,217,265,39,28,84,100,272,43
350,710,1762,0,1065,672,240,457,255,1545,205,272,39,28,84,96,272,43
350,710,1762,189,1065,670,239,455,254,1544,205,272,39,28,84,96,272,42
350,710,1762,0,1065,662,239,455,251,1544,205,271,39,28,84,96,272,43
350,709,1762,189,1065,670,239,456,254,1544,205,271,39,28,84,96,272,42
350,709,1762,0,1064,711,253,482,270,1544,217,287,42,30,84,101,272,45
350,709,1762,0,1064,657,234,447,249,1543,217,266,38,28,84,94,272,41
350,709,1762,0,1064,665,240,457,252,1544,204,273,39,28,83,96,272,43
350,709,1761,0,1064,666,238,453,253,1542,205,270,39,28,83,96,272,42
350,709,1762,0,1064,664,240,457,252,1544,205,272,39,28,83,96,272,43
350,709,1762,0,1064,663,237,451,252,1543,205,268,39,28,83,96,273,42
350,709,1764,0,1063,670,239,456,254,1543,205,271,39,28,84,96,273,43
350,709,1762,0,1064,669,239,455,254,1544,205,271,39,28,84,96,272,42
350,709,1762,0,1064,662,239,455,251,1543,205,271,39,28,83,96,273,42
351,709,1762,190,1064,672,240,457,255,1543,204,272,39,28,83,96,273,42
350,709,1762,0,1064,664,237,452,252,1543,205,270,39,28,84,96,272,42
350,709,1762,0,1065,648,231,441,246,1544,217,263,38,27,84,94,272,41
351,709,1764,0,1064,711,253,482,270,1545,217,287,41,30,84,101,272,45
350,709,1762,0,1064,669,239,456,254,1543,206,271,39,28,84,96,272,42
351,709,1762,190,1064,670,242,461,254,1545,205,275,39,28,84,96,272,43
351,709,1764,0,1064,664,240,458,252,1545,205,273,39,28,84,96,272,43
351,709,1762,189,1064,668,239,455,254,1545,205,271,39,28,84,97,272,43
351,709,1762,188,1065,665,240,458,252,1545,204,273,39,28,84,96,272,43
351,710,1762,0,1065,651,232,443,247,1544,217,264,38,27,84,94,272,41
351,709,1762,0,1064,667,238,454,253,1545,205,270,39,28,84,96,272,42
351,709,1762,0,1063,669,239,455,254,1544,204,271,39,28,83,96,275,43
351,709,1762,0,1064,668,239,455,254,1545,205,271,39,28,84,97,273,43
351,709,1764,0,1064,648,231,441,246,1545,217,262,38,27,83,94,273,41
350,709,1762,0,1064,651,232,442,247,1544,217,263,38,27,84,94,273,41
351,710,1762,0,1064,669,239,455,254,1546,205,271,39,28,84,96,273,42
351,709,1762,0,1064,670,239,456,254,1545,206,271,39,28,83,97,273,43
351,709,1762,0,1064,670,239,456,254,1544,206,272,39,28,83,96,273,42
351,709,1762,0,1064,672,240,457,255,1546,205,272,39,28,84,96,273,42
351,709,1762,189,1064,669,239,455,254,1546,204,271,39,28,84,96,273,43
351,709,1762,0,1064,649,233,444,246,1546,217,265,38,28,83,100,273,43
351,709,1762,188,1063,664,240,457,252,1545,205,272,39,28,83,96,274,43
350,709,1762,0,1064,668,239,455,254,1544,205,271,39,28,83,96,273,42
351,709,1762,201,1064,710,253,482,269,1545,217,287,41,30,84,100,274,45
351,709,1762,0,1063,670,239,456,254,1544,204,272,39,28,84,96,274,42
350,709,1762,0,1063,649,233,444,247,1545,217,265,39,28,83,100,274,43
351,709,1762,191,1063,674,241,459,256,1544,205,274,40,28,83,97,274,43
351,709,1762,190,1064,671,239,456,254,1545,204,271,39,28,84,97,274,43
351,709,1762,0,1063,648,231,441,246,1543,217,262,38,27,84,93,273,41
350,709,1764,0,1063,656,234,446,249,1545,216,266,38,28,83,93,274,41
351,708,1762,0,1062,648,233,443,246,1544,217,265,39,28,83,99,276,43
351,709,1762,0,1063,709,252,481,269,1543,217,286,41,30,83,100,275,45
351,709,1762,0,1063,710,253,482,269,1545,217,287,42,30,83,101,274,45
351,709,1762,185,1063,650,233,444,247,1545,217,265,39,28,83,100,274,43
351,708,1762,0,1063,662,236,451,251,1545,205,268,39,28,83,96,274,42
351,709,1762,0,1063,650,232,442,247,1544,216,263,38,27,83,93,275,41
351,709,1762,0,1062,659,235,448,250,1545,217,266,39,28,83,93,275,41
351,709,1763,0,1063,663,239,456,252,1545,204,272,39,28,83,96,274,43
351,709,1762,185,1063,650,233,444,247,1545,216,265,39,28,83,100,274,43
351,709,1762,0,1063,664,240,457,252,1544,205,272,39,28,83,96,274,43
351,709,1762,0,1063,672,240,457,255,1544,205,272,39,28,83,97,274,43
351,709,1762,0,1063,670,239,456,254,1545,205,272,39,28,83,96,275,42
351,709,1762,188,1063,661,236,451,251,1545,205,268,39,28,83,96,275,42
351,709,1762,188,1063,662,239,457,251,1545,203,272,39,28,83,95,276,43
351,709,1762,201,1063,709,253,482,269,1545,216,287,42,30,83,100,275,45
351,709,1762,0,1062,649,233,444,246,1545,216,265,39,28,83,99,275,43
351,709,1763,0,1063,668,239,455,254,1546,205,271,39,28,83,96,275,42
351,709,1762,0,1063,663,237,451,251,1545,205,269,39,28,83,95,275,42
351,709,1762,0,1063,648,231,441,246,1546,216,263,38,27,83,93,274,41
351,709,1763,0,1063,656,235,448,249,1544,217,267,39,28,83,100,275,43
351,709,1762,184,1063,648,232,442,246,1544,216,263,38,27,83,94,275,41
352,709,1762,190,1063,670,239,456,254,1546,205,272,39,28,83,97,275,43
351,709,1763,0,1063,650,232,442,247,1546,217,263,38,27,83,93,275,41
351,709,1763,0,1063,658,235,447,250,1545,217,267,39,28,83,93,274,41
351,709,1763,0,1064,662,236,450,251,1546,205,268,39,28,83,96,274,42
351,709,1763,0,1063,709,253,482,269,1546,217,287,42,30,83,100,276,45
352,709,1762,191,1063,674,240,458,256,1546,205,273,40,28,83,96,274,43
351,709,1762,201,1063,708,252,481,269,1545,217,286,42,30,83,100,274,45
352,709,1762,0,1062,648,233,443,246,1545,216,264,39,28,83,99,275,43
351,709,1762,0,1063,647,231,440,245,1546,216,262,38,27,83,93,275,41
351,709,1762,0,1062,662,237,451,251,1546,205,269,39,28,83,95,276,42
352,709,1762,0,1063,707,252,480,268,1545,216,286,41,30,83,100,276,44

