319,581,1417,0,957,596,247,441,275,1337,207,220,37,27,88,98,175,38
320,585,1432,0,960,612,254,453,282,1340,198,227,39,28,87,99,182,39
320,586,1440,0,959,614,255,455,283,1340,198,229,39,28,87,98,185,40
320,585,1440,0,956,651,270,481,300,1338,208,242,41,29,87,103,187,42
321,583,1439,171,953,590,246,438,272,1334,208,222,38,27,87,96,188,39
321,582,1439,0,951,609,253,451,281,1332,197,228,39,28,87,97,189,39
321,581,1439,0,950,606,252,449,279,1331,198,227,39,28,87,97,189,39
321,581,1440,173,949,593,248,442,274,1329,208,224,38,27,87,101,189,40
321,581,1438,0,947,644,267,476,297,1328,208,241,41,29,87,102,190,42
321,584,1439,0,946,597,249,443,276,1326,197,225,38,27,86,97,190,39
321,580,1438,0,945,604,252,449,279,1325,196,227,39,28,86,97,191,39
321,579,1439,178,944,607,253,450,280,1324,197,228,39,28,86,97,191,40
321,579,1437,0,944,641,266,475,296,1324,207,241,41,29,86,102,191,41
322,579,1437,175,944,594,248,443,274,1323,207,225,39,28,86,101,191,40
322,578,1438,0,944,597,248,443,276,1323,195,225,38,27,86,96,191,39
322,578,1437,174,943,591,247,440,273,1323,207,224,38,27,86,101,191,40
322,578,1437,0,943,597,249,443,276,1322,196,225,39,27,86,97,191,39
322,578,1437,0,942,603,251,448,278,1322,197,227,39,27,86,96,191,39
322,578,1437,188,943,640,266,474,295,1322,207,241,41,29,86,102,191,41
322,577,1438,0,942,597,248,443,275,1321,196,225,38,27,86,96,192,39
322,577,1437,0,941,638,265,473,294,1320,207,240,41,29,86,101,192,41
322,577,1438,0,941,595,248,442,275,1320,196,224,38,27,86,96,192,39
322,577,1438,0,941,596,251,448,275,1319,195,228,38,27,86,96,192,40
322,577,1436,0,941,582,242,432,269,1320,207,219,38,27,86,94,192,38
322,577,1436,0,941,603,251,447,278,1320,196,227,39,28,86,97,192,40
322,577,1436,0,941,601,250,446,277,1319,196,227,39,27,86,96,192,39
322,576,1436,0,941,593,246,439,273,1319,206,223,38,27,86,94,192,39
322,577,1436,180,940,610,254,453,281,1319,197,230,40,28,86,98,192,40
322,577,1436,0,941,598,252,449,276,1319,196,228,39,27,86,97,192,40
322,577,1436,0,940,638,265,473,295,1319,207,240,41,29,86,101,193,41
322,577,1436,0,940,604,252,448,279,1318,196,228,39,28,86,96,193,40
322,577,1435,173,941,584,244,434,270,1317,206,221,38,27,86,94,193,39
322,577,1436,0,940,596,248,442,275,1318,196,225,38,27,86,96,193,39
322,576,1437,178,939,601,250,446,277,1317,194,227,39,28,86,97,194,40
322,576,1435,0,939,590,247,439,272,1317,206,224,38,28,86,100,194,40
322,576,1436,0,940,594,247,441,274,1318,196,224,38,27,86,95,194,39
322,576,1435,0,939,600,250,445,277,1317,196,226,39,27,86,96,194,39
322,576,1435,172,939,583,243,434,269,1316,206,221,38,27,86,94,194,39
322,576,1435,0,940,602,251,447,278,1317,196,227,39,28,86,96,193,39
322,576,1435,0,939,583,244,435,269,1316,206,222,38,27,86,100,194,40
322,576,1435,176,939,595,251,447,274,1317,196,227,38,27,86,96,194,40
322,576,1435,0,939,601,250,446,277,1316,196,227,39,27,86,96,194,39
322,575,1435,0,938,593,247,440,273,1316,196,224,38,27,86,96,194,39
323,576,1435,0,939,603,251,448,278,1316,196,227,39,28,86,96,194,40
323,576,1435,0,939,601,250,446,277,1317,196,227,39,28,86,96,194,39
323,576,1435,0,939,635,264,470,293,1316,206,239,41,29,86,101,195,41
323,576,1435,0,938,594,250,446,274,1316,195,227,38,27,86,96,195,40
323,576,1435,0,938,583,243,433,269,1316,206,220,38,27,86,93,195,38
323,576,1435,0,938,583,244,435,269,1315,206,221,38,27,86,100,195,40
323,576,1435,175,939,590,247,439,272,1316,206,224,39,28,86,100,194,40
323,576,1435,175,939,589,247,439,272,1316,206,224,39,28,86,100,195,40
323,576,1434,0,938,581,242,432,268,1316,206,220,38,27,86,94,195,38
323,576,1435,0,939,597,248,443,275,1316,195,225,39,27,86,96,195,39
323,576,1435,173,938,583,244,434,269,1315,206,221,38,27,86,100,195,40
323,576,1434,0,938,599,250,445,276,1315,195,226,39,28,86,96,195,40
323,576,1435,0,938,590,245,437,272,1315,206,222,38,27,86,93,195,38
323,576,1434,178,938,600,250,445,277,1315,195,227,39,28,86,96,196,39
323,576,1434,0,939,602,251,447,278,1315,196,227,39,28,86,97,195,40
323,575,1434,0,938,589,245,437,272,1315,206,222,38,27,86,93,196,38
323,576,1435,180,938,606,253,450,279,1315,196,229,39,28,86,97,195,40
323,576,1435,174,938,588,246,438,271,1315,206,223,38,27,86,99,195,40
323,576,1435,175,939,590,247,439,272,1315,206,224,39,28,86,100,195,40
323,576,1435,0,939,594,248,441,274,1315,195,225,38,27,86,96,196,39
323,576,1434,0,939,593,247,440,273,1315,195,224,38,27,86,95,196,39
323,576,1434,0,938,635,264,470,293,1315,206,239,41,29,86,100,196,41
323,576,1434,0,938,638,265,472,294,1315,206,240,41,29,86,100,196,42
323,575,1434,0,938,592,246,439,273,1314,195,223,38,27,86,95,197,39
323,575,1434,173,938,582,244,434,269,1314,206,221,38,27,86,99,196,40
323,575,1434,0,937,581,242,431,268,1314,206,219,38,27,86,93,197,38
323,575,1434,0,937,593,250,446,274,1314,196,227,38,27,86,95,197,40
323,575,1434,0,937,582,242,432,268,1313,206,220,38,27,86,93,197,38
323,575,1434,0,937,582,242,432,268,1314,206,220,38,27,86,93,196,38
323,575,1434,173,937,582,244,434,268,1314,206,221,38,27,86,99,196,40
323,576,1434,0,938,596,251,447,274,1314,195,228,39,28,86,95,197,40
323,576,1434,179,939,603,251,447,275,1314,196,227,39,27,86,96,196,40
323,576,1435,0,939,602,251,447,277,1315,195,227,39,28,86,96,196,39
323,575,1434,177,938,596,251,447,274,1314,196,228,39,27,86,95,197,40
323,576,1434,177,938,598,249,444,276,1314,196,226,39,28,86,96,197,40
323,576,1434,0,938,599,249,444,276,1314,196,226,39,28,86,96,196,40
323,576,1434,0,938,588,244,436,271,1313,206,222,38,27,86,93,197,38
323,575,1434,0,937,594,250,446,274,1313,195,227,38,27,86,95,197,40
323,576,1434,176,938,594,250,446,274,1314,194,227,38,27,86,95,197,40
323,575,1434,177,938,596,248,443,275,1314,195,225,39,27,86,95,197,39
324,575,1434,0,937,582,242,431,268,1313,206,220,38,27,86,93,197,38
324,575,1434,0,937,589,245,437,271,1313,206,222,38,27,86,93,197,38
324,575,1434,0,937,599,250,445,276,1312,195,226,39,27,86,95,198,39
324,575,1434,0,937,600,250,445,276,1313,195,227,39,28,86,95,197,39
324,575,1434,0,937,599,249,444,276,1313,195,226,39,28,86,96,198,40
324,575,1433,172,936,580,243,432,267,1312,206,220,38,27,86,99,198,40
324,575,1434,0,937,582,244,433,268,1312,206,221,38,27,86,99,198,40
324,575,1434,0,938,589,245,436,271,1312,206,222,38,27,86,93,198,38
324,575,1434,178,937,599,249,444,276,1312,195,226,39,27,86,96,199,39
324,575,1434,0,937,600,250,445,276,1312,196,227,39,28,86,96,198,40
324,576,1434,0,938,582,244,434,268,1313,206,222,38,27,86,99,197,40
324,575,1434,180,938,606,252,449,279,1313,195,229,39,28,86,96,198,40
324,575,1433,0,937,582,242,431,268,1313,206,220,38,27,86,93,198,38
324,575,1434,0,938,593,250,444,273,1312,195,226,38,27,86,95,198,40
324,575,1433,0,937,582,244,434,268,1312,206,221,38,27,86,99,198,40
324,575,1433,0,937,603,251,447,277,1312,195,227,39,28,86,96,198,40
324,575,1434,180,937,606,252,449,279,1313,195,229,39,28,86,97,198,40

321,601,1420,0,937,571,251,444,281,1335,197,226,39,28,87,101,179,39
322,605,1435,0,939,560,246,437,276,1340,198,223,38,27,87,99,186,39
322,605,1440,0,938,565,249,441,278,1339,198,226,39,28,87,98,190,39
323,604,1441,0,935,563,248,439,277,1336,199,225,39,28,87,97,191,39
323,602,1440,0,933,564,248,440,278,1333,199,226,39,28,86,97,192,39
323,601,1440,187,931,594,261,463,293,1330,209,238,41,29,86,102,192,41
323,600,1439,0,928,552,246,437,272,1328,196,225,38,27,86,97,193,39
323,599,1439,187,927,591,260,461,291,1326,208,237,41,29,86,101,194,41
323,599,1439,0,926,553,244,432,273,1325,197,223,38,27,86,96,194,39
323,598,1439,0,925,557,246,436,275,1324,197,225,39,28,86,97,194,39
324,597,1439,0,925,557,246,435,275,1324,197,225,39,28,86,97,194,39
324,597,1438,0,924,555,245,434,274,1322,198,224,38,27,86,96,194,39
324,597,1438,0,924,540,238,422,266,1322,208,218,38,27,86,94,194,38
324,596,1438,178,922,558,246,437,272,1321,197,226,39,27,86,96,195,39
324,597,1438,0,923,558,246,436,275,1321,197,225,39,28,86,97,195,39
324,596,1438,0,923,540,238,422,266,1320,208,218,38,27,86,94,195,38
324,596,1438,175,922,548,245,434,270,1320,197,224,38,27,86,96,195,39
324,596,1438,176,921,553,244,433,273,1319,197,224,39,27,86,96,195,39
324,596,1437,0,921,548,242,430,271,1319,197,223,38,27,86,96,195,39
324,596,1437,176,921,551,246,436,272,1319,197,225,38,27,86,96,195,40
324,596,1438,0,921,538,239,423,266,1319,208,219,38,27,86,100,195,40
324,595,1437,0,920,554,245,434,273,1318,197,224,39,28,86,97,196,39
324,595,1437,0,921,537,237,420,265,1318,207,218,38,27,86,94,196,38
324,595,1437,172,920,538,239,423,265,1318,207,219,38,27,86,100,196,40
324,595,1438,172,921,538,239,423,266,1318,207,219,38,27,86,100,196,40
324,595,1437,0,920,536,238,422,265,1318,207,219,38,27,86,100,196,40
324,595,1437,177,921,553,244,433,273,1317,196,224,39,28,86,97,196,39
324,595,1437,0,921,548,241,428,270,1317,196,221,38,27,86,96,196,39
324,594,1437,0,920,552,244,432,272,1317,197,224,39,28,86,96,197,39
324,594,1437,0,919,586,258,457,289,1316,207,236,41,29,86,101,197,41
324,594,1437,0,918,536,236,419,264,1315,207,217,38,27,85,93,197,38
324,594,1436,0,918,543,239,424,268,1315,207,220,38,27,86,94,197,38
324,594,1436,172,919,537,238,422,265,1316,207,219,38,27,86,100,196,40
324,594,1436,0,919,552,244,432,272,1315,197,223,39,27,86,97,197,39
324,594,1436,0,920,548,242,429,270,1316,197,222,38,27,86,96,197,39
324,594,1436,0,918,536,237,419,264,1315,207,217,37,27,86,93,197,38
325,593,1436,175,918,547,244,433,270,1314,197,225,38,27,86,96,197,39
325,594,1436,0,919,553,244,433,273,1315,196,224,39,28,86,97,197,39
325,594,1437,188,919,586,258,457,289,1315,207,237,41,29,85,101,198,41
325,593,1436,173,919,541,240,425,267,1315,207,221,38,27,86,100,198,40
325,594,1436,0,918,536,237,421,265,1315,207,218,38,27,86,94,198,38
324,594,1436,176,918,549,242,430,271,1315,197,223,38,27,86,96,198,39
325,594,1437,0,919,535,236,419,264,1315,207,217,37,27,86,93,197,38
325,594,1436,175,918,547,244,433,270,1315,196,225,38,27,86,96,198,39
325,594,1436,178,919,556,245,435,274,1315,197,226,39,28,86,97,197,40
325,594,1437,0,918,546,244,433,269,1315,196,224,38,27,86,96,197,39
325,594,1436,0,918,543,239,424,268,1315,207,220,38,27,85,93,198,38
325,594,1437,174,918,542,240,426,268,1315,207,221,38,28,86,100,197,40
325,594,1436,0,919,552,244,433,272,1314,195,224,39,28,86,96,198,39
325,593,1436,0,918,553,244,433,273,1315,196,224,39,28,85,97,198,39
325,593,1436,0,918,536,237,419,264,1314,207,217,37,27,85,93,198,38
325,593,1436,0,917,554,245,434,270,1314,196,225,38,28,85,96,198,39
325,593,1436,177,918,552,244,432,270,1314,195,224,38,27,85,96,198,39
325,593,1436,0,917,535,236,419,264,1314,207,217,37,27,85,93,198,38
325,593,1436,0,918,549,245,434,271,1314,197,225,39,28,85,96,198,39
325,593,1436,0,917,553,244,433,272,1313,196,224,39,28,85,95,198,39
325,593,1436,0,917,549,242,430,271,1314,196,223,38,27,85,95,198,39
325,593,1436,177,918,552,244,432,272,1314,195,224,39,28,85,96,198,39
325,593,1436,0,918,584,257,456,288,1314,207,236,41,29,86,100,198,41
325,593,1436,176,917,548,245,434,270,1313,196,225,38,27,86,95,199,39
325,593,1436,0,918,553,244,433,273,1314,196,224,39,28,85,96,198,39
325,593,1436,0,917,536,236,419,264,1314,207,217,38,27,85,93,198,38
325,593,1436,0,917,543,239,424,268,1314,207,220,38,27,85,93,198,38
325,592,1436,177,917,552,244,432,272,1313,196,224,39,28,85,96,199,39
325,592,1436,178,917,555,245,434,273,1313,196,225,39,28,85,96,199,39
325,593,1436,0,917,535,236,419,264,1313,207,217,38,27,85,93,199,38
325,593,1435,0,917,550,243,431,271,1313,195,223,39,27,85,95,199,39
325,592,1435,0,917,542,239,424,267,1313,207,220,38,27,85,93,199,38
325,593,1436,0,918,549,245,434,271,1314,196,225,38,27,85,96,199,40
325,592,1435,177,917,552,244,432,272,1313,196,224,39,28,85,96,199,39
325,592,1435,0,917,552,244,432,272,1313,195,224,39,28,85,95,199,39
325,592,1435,0,916,549,242,430,270,1312,196,223,39,27,85,95,200,39
325,592,1436,187,917,584,257,456,288,1313,207,236,41,29,85,100,199,41
325,592,1435,0,916,536,237,419,264,1313,207,217,38,27,85,93,200,38
325,593,1436,0,917,551,243,432,272,1314,196,224,39,28,85,96,199,39
325,593,1436,0,918,553,244,433,273,1314,196,224,39,27,85,95,199,39
325,593,1436,188,917,586,258,457,289,1314,207,237,41,29,85,100,199,41
325,593,1436,0,918,586,258,457,289,1314,207,237,41,29,85,100,199,41
325,593,1435,0,917,554,245,434,270,1313,196,225,39,27,85,95,199,39
325,593,1436,0,917,535,236,419,264,1314,207,217,38,27,85,93,199,38
325,593,1436,0,918,543,239,424,267,1314,207,220,38,27,85,93,199,38
325,592,1435,0,917,550,243,431,271,1312,196,223,39,28,85,96,200,39
325,593,1436,0,917,554,244,433,273,1313,196,224,39,28,85,96,200,39
325,593,1436,188,917,586,258,458,289,1313,207,237,41,29,85,100,199,41
325,593,1436,0,917,541,240,425,267,1313,207,221,38,28,85,99,200,40
325,593,1436,0,917,548,242,430,270,1313,196,223,39,28,85,95,200,39
325,592,1436,0,918,551,243,431,272,1313,195,223,39,28,85,96,200,39
325,592,1436,0,917,553,244,433,272,1313,196,224,39,28,85,95,201,39
325,592,1436,175,917,542,241,426,268,1313,207,221,38,28,85,99,200,40
325,593,1436,0,917,545,241,427,269,1313,196,221,38,27,85,94,200,39
325,593,1436,0,917,548,245,433,270,1313,196,225,38,28,85,95,200,39
326,592,1436,0,917,536,238,422,265,1312,206,219,38,27,85,99,201,40
325,593,1436,175,917,545,244,432,269,1313,196,224,38,27,85,95,200,39
325,593,1436,0,918,547,244,433,270,1313,196,225,38,27,85,95,200,39
325,593,1436,0,918,546,241,427,269,1313,196,221,38,27,85,95,200,39
325,592,1436,188,916,586,258,457,289,1313,207,237,41,29,85,100,200,41
325,592,1436,177,917,551,243,431,272,1313,196,224,39,28,85,95,200,39
326,592,1436,175,917,545,243,432,268,1312,196,224,38,27,85,95,200,39
326,593,1436,0,917,552,244,432,272,1313,196,224,39,27,85,96,200,39
325,592,1436,172,917,535,237,419,264,1313,207,218,38,27,85,93,200,38

314,720,1643,176,1047,630,233,420,257,1242,197,219,37,27,85,104,175,39
315,725,1659,0,1050,626,232,417,255,1246,198,218,37,27,84,101,182,39
315,728,1669,0,1050,671,245,441,274,1249,209,231,40,29,84,106,185,41
315,729,1676,0,1051,632,232,417,258,1251,199,219,38,27,84,100,187,39
316,730,1681,0,1052,626,232,418,256,1252,199,219,37,27,84,100,188,39
316,731,1685,0,1052,631,232,417,258,1252,199,219,38,28,84,100,189,39
316,732,1687,184,1052,639,234,421,261,1253,200,221,38,28,84,100,189,39
316,732,1689,0,1053,634,232,418,258,1253,198,220,38,28,84,99,189,39
316,733,1691,183,1052,634,233,418,259,1253,200,221,38,28,84,100,190,39
316,733,1692,181,1053,625,232,418,255,1254,200,220,38,27,84,99,190,39
317,733,1693,0,1052,632,232,417,258,1253,200,220,38,28,84,99,191,39
317,733,1695,183,1052,632,232,417,258,1254,200,220,38,28,84,100,191,39
317,733,1695,0,1052,624,229,412,255,1254,200,217,38,27,84,99,191,38
317,733,1695,0,1052,630,231,416,257,1253,199,220,38,27,84,99,191,39
317,733,1696,0,1052,668,244,440,273,1254,211,232,40,29,84,104,191,41
317,733,1697,0,1052,631,231,416,255,1254,201,220,38,27,84,99,192,39
317,733,1697,179,1051,613,226,406,250,1254,211,215,37,27,84,103,192,39
317,733,1697,0,1051,612,224,404,249,1253,211,213,37,27,84,97,192,38
317,733,1697,182,1052,623,231,417,254,1253,200,220,38,27,84,99,192,39
317,733,1697,0,1052,625,232,418,255,1254,200,221,38,27,84,99,192,39
317,733,1697,0,1051,630,231,416,257,1254,200,220,38,28,84,100,192,39
317,733,1698,0,1051,611,224,403,249,1253,211,213,37,27,84,96,192,38
318,733,1697,0,1051,611,224,403,249,1253,211,213,37,27,84,97,192,38
318,733,1697,179,1051,612,225,404,250,1253,210,214,37,27,84,97,193,38
318,733,1698,0,1050,610,224,403,249,1253,210,213,37,27,84,96,193,38
318,733,1698,0,1050,612,225,404,250,1252,211,214,37,27,84,97,193,38
318,732,1698,0,1050,628,231,415,256,1252,200,219,38,28,84,99,193,39
318,733,1698,195,1050,666,244,439,272,1252,211,232,40,29,84,104,193,41
318,733,1698,0,1050,627,230,414,256,1252,200,219,38,27,84,98,193,39
318,734,1701,0,1052,623,228,411,254,1255,200,217,38,27,84,98,193,38
318,734,1701,182,1052,622,228,410,254,1255,199,217,37,27,84,98,193,38
318,734,1702,196,1052,668,244,440,272,1256,210,232,40,29,84,104,193,41
318,734,1701,179,1051,611,225,405,249,1255,211,214,37,27,84,103,193,39
318,733,1701,0,1052,611,225,405,249,1255,210,214,37,27,84,103,193,39
318,734,1701,180,1051,611,225,405,249,1255,210,214,37,27,84,103,193,39
319,734,1701,186,1052,633,232,417,258,1255,200,220,38,28,84,100,194,39
319,734,1701,0,1052,630,231,416,257,1255,200,219,38,28,84,98,194,39
319,733,1701,181,1051,618,228,409,252,1255,210,217,38,28,84,103,194,40
319,733,1701,0,1051,667,244,439,272,1255,211,232,40,29,84,103,194,41
319,733,1701,186,1051,632,232,417,255,1254,200,221,38,27,84,98,195,39
319,733,1701,179,1050,608,223,402,248,1254,210,213,37,27,84,96,194,38
319,733,1702,182,1050,621,230,414,253,1254,200,219,38,27,84,98,195,39
319,733,1701,0,1050,626,229,413,255,1254,199,218,38,27,84,98,195,39
319,732,1701,0,1050,617,226,407,252,1254,210,215,37,27,84,96,194,38
319,733,1701,0,1050,624,232,417,255,1254,200,220,38,28,84,98,194,39
319,733,1701,183,1051,621,231,415,253,1254,199,220,38,27,84,98,195,39
319,733,1701,186,1051,632,232,417,258,1254,200,220,38,28,84,100,195,39
319,733,1701,0,1050,629,231,415,257,1254,200,219,38,28,84,98,195,39
319,733,1701,0,1050,609,223,402,248,1254,210,212,37,27,84,96,194,38
319,733,1701,0,1050,629,231,415,256,1255,199,219,38,28,84,98,194,39
319,733,1701,0,1050,626,229,413,255,1254,199,218,38,27,84,98,194,39
319,733,1701,184,1050,624,232,417,254,1254,199,221,38,28,84,98,195,39
319,733,1701,0,1050,667,244,439,272,1254,210,232,40,29,84,103,194,41
319,733,1701,0,1051,617,227,409,252,1254,210,217,38,28,84,102,195,40
319,733,1701,184,1049,627,233,419,256,1254,200,222,38,28,84,99,196,39
319,733,1701,0,1051,627,230,414,255,1254,200,219,38,27,84,98,194,39
319,733,1701,0,1049,621,228,409,253,1254,200,216,38,27,84,97,195,38
319,733,1702,195,1049,664,243,438,271,1254,210,231,40,29,84,103,195,41
319,733,1701,0,1051,666,244,439,271,1254,210,232,40,29,84,103,195,41
319,732,1701,185,1050,626,230,413,255,1252,199,219,38,28,84,98,196,39
319,733,1702,183,1050,620,228,409,253,1253,200,217,38,27,84,98,196,39
319,733,1701,185,1050,628,231,415,256,1253,199,220,38,28,84,99,196,39
319,733,1702,185,1051,630,231,416,257,1254,199,220,38,28,84,99,195,39
319,732,1701,0,1050,620,227,409,253,1254,199,216,37,27,84,97,195,38
319,733,1701,0,1051,609,223,402,248,1254,210,212,37,27,84,96,195,38
319,733,1702,0,1051,609,223,401,248,1254,210,212,37,27,84,96,195,38
319,733,1702,0,1050,624,229,411,254,1254,200,218,38,27,84,98,195,38
319,733,1701,182,1049,617,227,409,252,1253,210,216,38,28,84,102,196,40
319,733,1702,184,1050,624,229,412,254,1253,200,218,38,28,84,98,196,39
320,733,1702,0,1050,621,230,414,253,1253,200,219,38,27,84,98,197,39
319,733,1701,0,1049,608,223,401,248,1253,210,212,37,27,84,96,196,38
319,733,1702,0,1049,616,226,406,251,1253,210,215,37,27,84,96,197,38
319,733,1701,0,1050,620,227,409,252,1253,200,216,37,27,84,98,196,38
319,733,1701,185,1049,629,231,415,256,1253,199,220,38,28,84,98,196,39
320,733,1701,0,1049,627,230,414,255,1253,199,219,38,28,84,99,196,39
320,733,1701,0,1049,620,230,415,253,1253,199,220,38,27,84,97,197,39
320,733,1701,180,1050,609,225,404,248,1253,210,214,37,27,84,102,196,39
320,733,1702,0,1049,626,230,413,255,1253,200,219,38,28,84,98,197,39
320,733,1702,185,1050,628,231,415,256,1253,199,219,38,28,84,98,197,39
320,733,1702,0,1050,666,244,438,271,1253,210,232,40,29,84,103,197,41
320,733,1702,0,1050,609,225,404,248,1253,210,214,37,27,84,102,197,39
320,733,1702,186,1049,630,231,416,254,1253,199,220,38,27,84,98,197,39
320,733,1702,0,1049,626,232,417,255,1253,200,221,38,28,84,98,197,39
320,733,1702,0,1050,621,228,410,253,1253,199,217,38,27,84,97,197,38
320,733,1702,0,1050,628,230,415,256,1253,199,219,38,28,84,99,197,39
320,733,1702,0,1050,627,230,414,256,1253,199,219,38,27,84,98,197,39
320,733,1703,187,1050,633,232,417,258,1253,200,221,38,28,84,99,197,39
320,733,1702,0,1050,627,230,414,256,1253,200,219,38,28,84,98,197,39
320,732,1702,0,1049,626,232,417,255,1252,200,221,38,28,84,98,197,39
320,733,1702,0,1050,610,225,404,249,1253,210,214,37,27,84,102,197,39
320,733,1703,186,1049,631,231,416,254,1253,199,220,38,28,84,98,197,39
320,733,1703,0,1051,630,231,415,256,1253,200,220,38,28,84,99,197,39
320,733,1703,0,1050,608,223,401,248,1253,210,212,37,27,84,95,197,38
320,733,1703,0,1050,628,230,414,255,1253,198,219,38,28,84,98,197,39
320,733,1703,0,1050,664,243,437,270,1253,210,231,40,29,84,103,197,41
320,732,1702,0,1049,622,228,410,253,1252,199,217,38,27,84,97,197,39
320,733,1703,0,1049,609,225,404,248,1253,210,214,37,27,84,102,197,39
320,732,1703,187,1049,635,233,418,258,1252,200,222,38,28,84,99,199,39
320,732,1703,185,1049,628,230,414,255,1252,199,219,38,27,84,98,198,39
320,732,1703,180,1049,609,224,403,248,1252,210,214,37,27,84,102,198,39

302,448,1108,116,697,453,223,403,249,1250,205,210,37,27,84,106,179,39
303,450,1118,0,698,462,229,414,254,1254,196,217,37,27,84,99,187,39
303,452,1123,0,698,467,229,415,257,1255,197,217,37,27,84,99,190,39
303,452,1127,122,698,469,231,417,255,1257,197,219,37,27,84,98,191,39
303,453,1129,0,698,495,243,439,273,1257,208,231,40,29,84,103,192,41
303,453,1131,120,698,458,226,408,252,1257,208,215,37,27,84,102,193,39
303,453,1132,0,698,466,229,414,257,1258,198,218,38,27,84,98,193,38
304,454,1133,119,698,453,223,404,250,1258,208,213,37,27,83,96,194,38
304,454,1134,122,698,462,228,412,255,1258,197,217,38,27,84,98,194,39
304,454,1134,0,698,466,230,415,257,1259,197,219,38,27,84,98,194,39
304,454,1135,0,698,452,223,403,249,1259,208,213,37,27,83,95,194,38
304,454,1135,0,698,467,230,416,257,1258,198,219,38,28,84,98,194,39
304,454,1135,0,697,451,222,401,249,1258,208,212,37,27,84,95,194,37
304,454,1136,0,697,451,222,402,249,1259,208,212,37,27,84,95,194,38
304,454,1136,0,697,494,243,439,273,1259,208,232,40,29,84,103,194,41
304,454,1137,120,698,453,224,405,249,1259,209,214,37,27,84,102,195,39
304,454,1137,124,698,467,230,416,258,1259,197,220,38,28,83,98,196,39
304,454,1137,124,697,467,230,416,258,1259,198,220,38,28,83,98,195,39
304,454,1137,0,698,494,243,439,272,1259,209,232,40,29,84,102,194,40
304,455,1138,0,698,451,223,403,249,1259,209,213,37,27,84,95,195,38
304,455,1137,123,698,462,228,412,255,1259,198,218,38,27,84,98,195,39
304,454,1138,0,698,451,223,402,249,1259,209,213,37,27,84,95,195,38
304,455,1138,0,698,452,224,405,249,1259,209,214,37,27,83,102,195,39
304,455,1138,0,698,450,222,401,248,1260,209,212,37,27,83,95,196,38
304,455,1138,0,698,461,227,411,254,1259,198,217,38,27,83,97,196,38
304,455,1139,0,697,464,229,415,256,1259,198,219,38,28,84,98,196,39
304,455,1139,0,697,451,224,404,249,1260,209,214,37,27,83,101,195,39
305,455,1139,122,697,458,229,413,253,1259,198,218,38,27,84,97,196,39
305,455,1139,0,697,450,222,402,248,1260,209,212,37,27,84,96,195,38
304,454,1139,0,697,450,222,402,249,1260,209,212,37,27,84,95,196,38
305,454,1139,0,697,451,222,402,249,1260,209,212,37,27,83,95,196,38
305,454,1138,0,697,450,222,402,249,1260,209,212,37,27,84,95,195,38
305,454,1139,123,697,462,231,417,255,1260,198,220,38,27,84,97,196,39
305,454,1139,0,697,491,242,437,271,1260,209,231,40,29,84,102,196,41
305,455,1139,0,697,456,226,408,252,1260,209,216,38,27,83,101,196,40
305,455,1140,0,697,461,227,411,254,1260,197,217,38,27,83,97,196,39
305,455,1140,0,697,450,222,401,248,1260,209,212,37,27,83,95,196,38
305,455,1140,121,697,451,224,404,249,1260,209,214,37,27,83,101,196,39
305,455,1140,125,696,468,231,418,258,1260,198,221,38,28,84,99,196,39
305,455,1140,124,697,464,229,415,257,1260,198,219,38,28,83,98,197,39
305,455,1140,0,697,463,229,413,255,1260,198,218,38,27,83,98,196,39
305,455,1140,0,697,459,227,410,254,1260,197,216,38,27,84,96,196,38
305,455,1141,0,697,449,222,401,248,1260,209,212,37,27,84,95,196,38
305,455,1141,131,697,492,242,438,272,1260,208,231,40,29,83,102,196,41
305,455,1141,0,696,450,223,404,249,1260,209,214,37,27,83,101,197,39
305,455,1141,0,696,457,229,413,253,1260,198,218,37,27,83,97,197,39
305,455,1141,0,697,455,224,406,251,1260,209,214,37,27,83,95,197,38
305,455,1141,0,697,460,230,415,254,1260,197,219,38,27,83,97,197,39
305,455,1141,121,697,449,222,402,248,1260,209,213,37,27,83,95,197,38
305,455,1141,0,696,465,230,415,257,1260,198,220,38,28,83,98,197,39
305,455,1141,0,697,464,229,414,256,1260,198,219,38,28,83,97,197,39
305,455,1142,0,697,460,230,416,254,1260,199,220,38,27,83,97,197,39
305,455,1141,123,697,460,230,416,254,1261,198,220,38,27,83,97,197,39
305,455,1142,124,696,465,230,415,257,1261,197,219,38,28,83,98,197,39
305,455,1141,0,697,465,230,416,257,1261,197,220,38,28,84,98,196,39
305,455,1142,0,696,449,222,401,248,1261,209,212,37,27,83,94,197,38
305,455,1142,125,696,465,230,416,257,1261,198,220,38,28,84,98,197,39
306,455,1142,124,697,464,230,415,256,1261,196,219,38,28,83,98,197,39
305,455,1142,124,697,464,229,415,257,1261,198,219,38,28,84,97,197,39
306,455,1142,0,696,458,226,409,253,1261,198,216,37,27,84,96,197,38
306,455,1143,0,696,465,230,415,257,1261,198,219,38,28,83,98,198,39
306,455,1142,0,696,468,231,418,259,1260,198,221,38,28,83,98,197,39
306,455,1142,0,697,492,242,438,272,1261,209,231,40,29,83,102,197,41
306,455,1142,0,696,449,222,401,249,1261,209,212,37,27,83,95,197,38
306,455,1142,0,697,449,222,402,248,1261,209,212,37,27,83,94,197,38
306,455,1143,0,697,455,225,406,251,1261,209,215,37,27,83,95,197,38
306,455,1143,0,697,457,226,408,253,1261,197,216,37,27,83,96,197,38
306,455,1143,0,697,468,231,418,259,1261,199,221,38,28,83,98,197,39
306,455,1143,124,697,461,228,412,255,1261,197,218,38,27,83,96,197,38
306,455,1143,0,697,491,243,438,272,1261,209,232,40,29,83,102,197,41
306,455,1143,0,696,462,228,413,255,1261,198,218,38,27,84,97,197,38
306,455,1143,0,697,448,222,401,248,1261,209,212,37,27,83,95,197,38
306,455,1143,0,697,449,223,404,248,1261,209,214,37,27,83,101,198,39
306,455,1144,0,697,464,230,415,257,1261,198,219,38,28,83,98,198,39
306,455,1144,0,697,463,229,414,256,1261,198,219,38,28,83,97,198,38
306,455,1144,0,696,453,224,405,250,1261,209,214,37,27,83,94,198,38
306,455,1144,0,697,448,222,401,248,1261,209,212,37,27,83,94,198,38
306,455,1144,0,696,459,229,415,254,1261,197,219,38,27,83,97,198,39
306,455,1144,0,697,458,229,414,253,1261,197,219,38,27,83,96,198,39
306,455,1144,0,697,448,222,401,248,1261,209,212,37,27,83,94,198,38
306,455,1144,0,696,449,222,401,248,1261,209,212,37,27,83,94,198,38
306,455,1145,0,697,457,229,414,253,1261,198,219,38,27,83,97,198,39
306,455,1145,0,696,491,242,438,271,1261,209,231,40,29,83,102,198,41
306,455,1145,0,696,448,222,402,248,1261,209,213,37,27,83,95,198,38
306,455,1145,131,697,489,241,437,271,1261,209,231,40,29,83,102,197,41
306,455,1145,121,697,448,222,401,248,1261,209,212,37,27,83,95,197,38
306,455,1145,125,696,467,231,418,258,1262,198,221,38,28,83,98,197,39
306,455,1145,0,696,450,223,402,249,1262,209,213,37,27,83,94,197,38
306,455,1145,0,697,462,228,413,255,1261,197,218,38,28,83,97,198,39
306,455,1145,0,697,466,230,416,257,1261,198,220,38,28,84,97,198,39
306,455,1146,0,696,491,242,438,271,1262,209,231,40,29,83,102,198,41
306,455,1146,0,696,456,228,413,252,1261,197,218,38,27,83,96,198,39
306,455,1146,0,697,464,229,414,256,1261,198,219,38,28,83,97,198,39
307,455,1145,0,696,458,227,410,253,1262,198,216,38,27,83,96,198,38
307,455,1146,0,697,462,229,413,256,1262,198,218,38,27,83,97,198,39
307,455,1146,0,697,448,222,401,248,1262,209,212,37,27,83,94,198,38
307,455,1146,125,697,463,229,414,256,1261,197,219,38,28,83,97,199,39
307,455,1146,126,696,467,231,417,258,1262,198,220,38,28,83,98,198,39
307,455,1146,0,696,462,229,414,256,1261,197,218,38,27,83,96,199,39
307,456,1146,125,697,465,230,416,254,1261,198,220,38,27,83,97,199,39

310,668,1674,177,1033,635,229,413,250,1236,194,212,36,27,83,100,183,38
310,671,1690,0,1035,643,232,419,253,1240,195,216,37,27,83,100,191,39
311,673,1699,0,1035,684,246,444,270,1242,206,230,40,29,83,103,194,41
311,674,1703,0,1036,682,245,443,269,1243,207,229,39,29,83,103,196,41
311,675,1710,178,1035,624,226,408,246,1245,207,212,37,27,83,101,197,39
311,676,1713,0,1036,683,246,444,269,1245,207,230,40,29,83,102,198,41
311,676,1715,0,1035,634,230,414,250,1245,207,216,37,27,83,101,198,40
311,676,1716,0,1036,634,230,414,250,1245,207,216,37,27,83,101,198,39
311,676,1718,186,1035,646,233,421,254,1245,197,219,38,27,83,98,199,39
312,676,1717,0,1036,627,227,410,247,1245,208,213,37,27,83,101,198,39
312,677,1718,0,1035,639,233,421,252,1245,195,219,37,27,83,97,199,39
312,677,1720,0,1035,643,232,419,253,1245,196,218,38,27,83,97,200,38
312,677,1721,181,1035,627,228,411,247,1245,208,214,37,27,83,101,199,39
312,677,1721,186,1035,647,233,421,255,1245,197,219,38,28,83,98,200,39
312,677,1722,0,1035,625,226,407,246,1245,208,212,37,27,83,94,200,38
312,677,1722,0,1036,648,233,422,255,1245,197,219,38,27,83,97,200,39
312,677,1723,0,1036,641,234,423,252,1246,197,220,37,27,83,97,200,39
312,677,1724,0,1036,637,232,420,251,1246,197,218,37,27,83,97,200,39
312,677,1724,0,1035,634,228,413,250,1246,208,215,37,27,83,94,201,38
312,677,1724,0,1036,641,234,422,253,1246,197,220,38,27,83,97,200,39
312,677,1725,0,1036,684,246,445,269,1246,208,231,40,29,83,101,201,41
312,677,1725,0,1036,639,233,421,252,1246,197,220,37,27,83,96,201,39
312,677,1724,0,1036,643,232,419,254,1246,196,218,38,27,83,97,200,39
312,677,1725,0,1036,639,230,416,252,1246,197,217,37,27,83,96,200,38
312,677,1725,0,1035,648,234,422,255,1246,197,220,38,27,83,97,200,39
312,677,1724,0,1036,626,227,410,247,1246,208,214,37,27,83,101,201,39
312,677,1725,186,1036,640,234,423,252,1246,197,220,37,27,83,97,201,39
312,677,1725,0,1036,651,235,424,256,1246,198,221,38,28,83,97,200,39
312,677,1726,0,1035,639,233,421,252,1246,197,219,37,27,83,97,201,39
312,677,1726,0,1034,645,233,421,254,1246,197,219,38,27,83,97,200,39
312,677,1724,188,1036,648,234,423,252,1246,197,220,38,27,83,97,201,39
312,677,1725,182,1035,627,227,410,247,1245,208,214,37,27,83,101,200,39
312,677,1725,181,1035,623,226,408,246,1246,208,213,37,27,83,100,200,39
312,677,1725,0,1035,625,226,408,246,1246,208,212,37,27,83,94,201,38
312,677,1726,0,1035,634,228,413,250,1246,208,215,37,27,83,94,201,38
312,677,1725,0,1035,640,233,422,252,1246,197,220,37,27,83,97,201,39
312,677,1725,0,1035,643,235,424,253,1247,197,220,38,27,83,97,200,39
312,677,1727,0,1035,650,234,423,256,1247,198,220,38,28,83,98,202,39
312,677,1726,0,1035,640,231,417,252,1247,197,217,37,27,83,96,201,38
312,677,1726,186,1036,639,231,417,252,1247,197,218,37,27,83,96,201,38
312,677,1726,185,1035,638,231,417,251,1247,197,218,38,28,83,103,201,40
313,677,1727,0,1036,625,226,407,246,1247,208,212,37,27,83,94,201,38
313,677,1726,0,1036,637,230,415,251,1247,197,216,37,27,83,96,202,38
313,677,1727,0,1035,626,226,408,247,1247,208,212,37,27,83,94,202,38
313,677,1727,0,1036,645,233,421,254,1247,196,219,38,27,83,97,202,39
313,677,1727,0,1036,633,230,414,250,1247,208,216,38,27,83,101,202,40
312,677,1726,0,1035,638,230,415,251,1248,197,216,37,27,83,96,201,38
313,677,1725,0,1035,637,230,415,251,1247,197,216,37,27,83,95,202,38
313,677,1727,0,1036,625,226,407,246,1247,208,212,37,27,83,94,201,38
313,677,1726,0,1035,629,227,410,248,1247,208,213,37,27,83,94,201,38
313,677,1727,0,1036,634,228,413,250,1247,208,215,37,27,83,94,201,38
313,677,1726,0,1035,633,228,412,249,1247,208,214,37,27,83,94,201,38
313,677,1726,0,1036,647,234,422,255,1248,197,219,38,27,83,97,201,39
313,677,1726,0,1035,684,246,445,269,1247,208,232,40,29,83,101,201,41
313,677,1726,185,1036,638,233,422,251,1247,197,220,37,27,83,96,202,39
313,677,1727,0,1036,682,246,444,269,1247,208,231,40,29,83,101,202,41
313,677,1727,0,1034,631,229,413,249,1248,208,215,37,27,83,100,202,39
313,677,1727,0,1035,624,226,408,246,1248,208,213,37,27,83,94,202,38
313,677,1727,0,1035,623,225,407,245,1248,208,212,37,27,83,94,201,38
313,677,1726,0,1036,625,225,407,246,1247,208,212,37,27,83,94,202,38
313,677,1727,0,1035,644,233,420,254,1247,197,219,38,27,83,96,203,39
313,677,1727,0,1035,684,246,445,269,1248,208,232,40,29,83,101,202,41
313,677,1727,0,1035,685,247,445,270,1248,208,232,40,29,83,101,202,41
313,677,1727,0,1035,623,225,406,246,1247,208,212,37,27,83,94,202,38
313,677,1726,0,1034,625,226,407,246,1247,208,212,37,27,83,94,202,37
313,677,1726,0,1035,640,233,422,252,1248,197,220,37,27,83,97,202,39
313,677,1727,0,1035,648,234,422,255,1248,196,220,38,27,83,97,202,39
313,677,1727,185,1035,636,232,419,251,1248,197,219,37,27,83,96,203,39
313,677,1727,0,1035,643,232,419,253,1248,197,218,38,27,83,97,202,39
313,677,1727,0,1035,645,233,420,254,1248,196,219,38,27,83,96,202,38
313,677,1726,0,1035,633,230,414,249,1248,208,216,37,27,83,100,202,40
313,677,1727,0,1035,644,233,420,254,1248,196,219,38,27,83,97,203,39
313,677,1727,0,1034,643,232,419,253,1248,198,218,38,27,83,96,203,39
313,677,1726,0,1035,626,227,410,247,1248,208,214,37,27,83,100,203,39
313,677,1727,187,1034,645,233,421,254,1248,197,219,38,27,83,97,202,39
313,677,1726,0,1035,640,233,422,252,1247,197,219,38,27,83,96,202,39
313,677,1726,0,1035,640,233,422,252,1248,196,219,38,27,83,96,202,39
313,677,1726,0,1035,646,233,422,255,1247,197,219,38,28,83,96,202,39
313,677,1728,186,1034,639,234,423,252,1248,197,220,38,27,83,96,203,39
313,677,1727,0,1035,683,246,445,269,1248,208,232,40,29,83,101,203,41
313,677,1727,186,1034,640,231,418,252,1248,197,218,38,27,83,96,203,39
313,677,1726,0,1035,624,225,407,246,1248,208,212,37,27,83,94,202,38
313,677,1726,0,1035,648,234,422,255,1247,197,220,38,27,83,97,202,39
313,677,1725,0,1035,633,229,414,249,1248,208,216,37,27,83,100,203,40
313,677,1727,0,1035,625,226,407,246,1248,208,212,37,27,83,94,203,38
313,677,1727,0,1035,625,226,408,246,1247,208,212,37,27,83,94,203,38
313,677,1726,0,1034,624,225,407,246,1248,208,212,37,27,83,94,202,37
313,677,1726,0,1035,639,231,417,252,1248,197,217,37,27,83,95,203,38
313,677,1726,0,1035,646,233,422,254,1248,196,219,38,28,83,97,203,39
313,677,1726,186,1035,640,234,422,252,1247,196,220,38,27,83,96,203,39
313,677,1726,187,1034,644,233,420,254,1247,197,219,38,27,83,97,203,39
313,677,1726,0,1035,643,232,419,253,1248,197,218,38,27,83,96,203,39
313,677,1724,0,1034,683,246,445,269,1247,208,232,40,29,83,101,203,41
313,677,1726,0,1035,681,245,443,268,1247,208,231,40,29,83,101,203,41
313,677,1727,182,1034,625,227,410,247,1247,208,214,37,27,83,100,203,39
313,677,1726,185,1034,637,233,421,251,1247,197,219,37,27,83,96,203,39
313,677,1726,198,1034,681,245,443,268,1247,208,231,40,29,83,101,203,41
313,677,1727,0,1034,635,232,420,250,1247,196,219,37,27,83,95,204,39
313,677,1727,0,1034,636,230,415,251,1247,197,216,37,27,83,95,204,38
313,677,1727,0,1034,624,225,407,246,1247,208,212,37,27,83,93,204,37

302,720,1611,169,1004,605,227,405,251,1251,205,210,37,27,84,105,175,39
303,724,1625,0,1005,597,223,399,247,1254,206,207,36,26,83,96,182,37
304,726,1634,0,1006,610,228,408,253,1256,195,212,37,27,83,98,186,38
304,727,1640,0,1007,598,224,400,248,1257,207,209,36,26,83,95,187,37
304,728,1643,0,1007,615,230,411,255,1258,197,215,37,27,83,97,188,38
304,729,1646,0,1006,598,223,400,248,1258,208,209,36,26,83,95,189,37
305,729,1649,0,1007,619,231,414,257,1259,197,217,38,27,83,98,189,39
305,730,1651,188,1006,654,244,437,271,1259,208,228,40,29,83,102,190,40
305,730,1653,176,1007,611,231,414,254,1259,197,217,37,27,83,97,190,38
310,737,1664,0,1014,622,232,416,258,1269,198,218,38,28,84,97,191,38
311,737,1664,190,1014,656,245,439,272,1269,209,229,40,29,84,102,191,40
311,736,1665,0,1014,611,228,409,253,1269,199,214,37,27,83,96,191,38
311,736,1665,0,1013,606,226,405,251,1268,209,212,37,27,84,94,192,37
312,736,1664,179,1013,617,231,414,256,1268,197,217,38,28,83,97,191,39
312,736,1664,0,1012,598,224,401,248,1267,209,210,37,27,83,94,191,37
312,735,1664,190,1011,652,244,436,271,1267,209,229,40,29,83,102,191,40
312,735,1664,190,1011,652,243,436,270,1267,209,228,40,29,84,101,191,40
312,735,1664,0,1012,598,223,400,248,1267,209,210,37,27,83,94,191,37
312,735,1663,181,1011,621,232,416,258,1266,199,218,38,28,83,97,192,39
312,735,1664,0,1011,619,231,414,256,1266,198,217,38,28,83,97,192,38
312,735,1663,0,1012,654,244,437,271,1266,209,229,40,29,83,101,191,40
312,735,1663,0,1012,614,230,412,255,1266,196,216,38,27,83,96,191,38
312,735,1663,0,1010,596,224,402,248,1266,209,211,37,27,83,100,192,39
312,735,1663,175,1011,598,225,403,248,1266,209,211,37,27,83,101,192,39
312,734,1663,0,1011,615,230,412,255,1265,198,216,38,28,83,97,193,38
312,734,1663,179,1009,615,230,413,255,1265,197,217,38,27,83,97,192,39
312,734,1663,0,1010,596,223,400,247,1265,209,210,37,27,83,94,192,37
312,734,1663,0,1010,597,223,400,248,1265,209,210,37,27,83,94,192,37
313,734,1662,0,1010,603,225,404,250,1265,209,212,37,27,83,94,192,37
313,734,1663,0,1010,596,223,400,247,1265,209,210,37,27,83,94,192,37
313,734,1662,180,1010,614,230,412,255,1264,196,216,38,28,83,97,193,39
313,734,1662,0,1010,615,230,412,255,1265,198,217,38,27,83,97,192,38
313,734,1663,174,1010,596,223,400,248,1265,209,210,37,27,83,94,192,37
313,734,1662,0,1010,621,232,416,257,1264,199,218,38,28,83,98,193,39
313,733,1662,0,1009,653,244,437,271,1264,209,229,40,29,83,101,193,40
313,733,1662,0,1008,616,231,414,253,1263,198,218,38,27,83,96,194,39
313,734,1662,180,1010,617,231,414,253,1264,198,218,38,27,83,96,193,39
313,733,1661,0,1008,652,243,436,270,1263,209,229,40,29,83,101,193,40
313,733,1661,0,1008,606,227,407,251,1262,197,214,37,27,83,96,194,38
313,733,1661,180,1008,615,230,412,255,1262,198,217,38,28,83,96,193,38
313,732,1661,0,1008,619,232,415,257,1262,198,218,38,28,83,97,193,39
313,733,1662,0,1008,652,243,436,270,1262,209,229,40,29,83,101,193,40
313,733,1661,0,1009,617,231,414,256,1263,197,217,38,27,83,96,193,38
313,733,1661,175,1009,596,224,401,247,1263,209,211,37,27,83,100,193,39
313,733,1662,0,1008,597,225,402,248,1263,209,212,37,27,83,100,193,39
313,733,1661,180,1009,615,230,412,255,1262,198,217,38,28,83,97,194,39
313,733,1661,0,1008,602,226,405,250,1262,209,213,37,27,83,100,194,39
313,733,1660,0,1008,611,229,410,254,1262,197,215,38,27,83,96,194,38
313,733,1661,0,1008,616,230,413,255,1262,198,217,38,28,83,97,194,38
313,732,1661,191,1008,652,243,436,270,1262,209,229,40,29,83,101,194,40
313,733,1661,0,1008,652,243,436,270,1262,209,229,40,29,83,101,194,40
313,733,1661,0,1009,615,230,412,255,1262,197,217,38,27,83,96,193,38
313,733,1661,0,1008,610,231,413,253,1262,196,217,38,27,83,96,194,39
313,733,1661,0,1009,610,231,413,253,1263,197,217,38,27,83,96,193,39
313,733,1661,180,1008,614,230,412,255,1262,196,216,38,28,83,97,194,38
313,733,1661,0,1008,596,223,399,247,1262,209,210,37,27,83,94,193,37
313,733,1661,0,1009,608,228,408,252,1263,198,214,38,27,83,96,194,38
313,733,1661,180,1009,615,230,412,255,1262,198,217,38,27,83,96,194,38
313,733,1660,0,1008,598,223,400,248,1262,209,210,37,27,83,94,194,37
313,733,1661,0,1009,603,225,404,250,1262,209,212,37,27,83,94,194,38
313,733,1661,0,1008,603,225,403,250,1262,209,212,37,27,83,94,193,37
313,733,1659,0,1009,610,231,413,253,1262,196,217,38,27,83,96,194,38
313,733,1660,182,1008,620,232,416,257,1261,198,219,38,28,83,98,195,39
314,732,1660,0,1008,651,243,436,270,1261,209,229,40,29,83,101,194,40
314,732,1660,175,1008,595,223,400,247,1261,209,210,37,27,83,94,194,37
314,732,1660,181,1008,616,230,413,253,1261,197,217,38,27,83,96,195,39
314,732,1660,181,1008,617,231,414,253,1261,197,218,38,27,83,96,194,39
314,733,1661,0,1009,607,230,413,252,1262,196,217,38,27,83,96,194,39
314,733,1660,0,1008,596,223,399,247,1262,209,210,37,27,83,94,194,37
314,733,1660,0,1009,609,228,407,252,1262,196,214,38,27,83,96,194,38
314,733,1660,0,1009,616,230,413,255,1262,197,217,38,28,83,96,194,38
314,733,1661,0,1009,652,243,436,270,1262,209,229,40,29,83,101,194,40
314,733,1660,0,1008,593,222,397,246,1261,209,209,37,26,83,93,194,37
314,733,1660,0,1008,610,231,413,253,1261,197,217,38,27,83,96,194,39
314,732,1660,179,1008,612,229,411,254,1261,197,216,38,27,83,97,195,38
314,732,1660,0,1008,596,223,399,247,1261,209,210,37,27,83,93,194,37
314,732,1660,175,1008,596,223,399,247,1261,209,210,37,27,83,94,195,37
314,732,1660,0,1008,651,243,436,270,1261,209,229,40,29,83,101,195,40
314,732,1660,181,1007,618,231,414,256,1260,198,218,38,28,83,97,195,39
314,732,1660,175,1008,596,224,401,247,1261,209,211,37,27,83,100,194,39
314,732,1660,182,1008,620,232,415,257,1261,198,218,38,28,83,97,195,39
314,732,1659,0,1008,652,243,436,270,1261,209,229,40,29,83,101,195,40
314,732,1658,0,1008,650,243,435,270,1261,209,229,40,29,83,100,194,40
314,732,1659,190,1008,649,242,434,269,1261,209,228,40,29,83,101,194,40
314,732,1659,0,1008,595,222,398,247,1261,209,210,37,27,83,93,194,37
314,732,1659,0,1008,602,226,405,250,1260,208,213,38,27,83,100,195,39
314,733,1660,0,1009,619,231,414,257,1261,198,218,38,28,83,97,194,38
314,733,1660,181,1009,620,232,415,257,1262,198,218,38,28,83,97,194,39
314,733,1660,0,1008,652,243,436,270,1260,209,229,40,29,83,101,194,40
314,732,1659,0,1008,610,231,414,253,1261,197,218,38,27,83,96,195,39
314,732,1659,0,1008,613,229,411,254,1260,198,216,38,27,83,95,195,38
314,732,1659,180,1008,614,230,411,255,1260,197,217,38,28,83,97,195,39
314,732,1659,0,1008,596,223,399,247,1261,209,210,37,27,83,93,194,37
314,733,1659,0,1007,596,223,399,247,1261,209,210,37,27,83,93,195,37
314,732,1659,0,1008,609,230,413,252,1261,197,217,38,27,83,96,195,39
314,733,1659,0,1008,609,227,408,252,1261,197,214,37,27,83,95,194,38
314,733,1659,0,1009,609,228,408,253,1261,197,214,37,27,83,95,194,38
314,732,1659,0,1008,649,242,434,269,1261,209,228,40,29,83,100,195,40
314,732,1659,191,1007,651,243,436,270,1260,209,229,40,29,83,101,195,40
314,732,1659,175,1007,596,224,401,247,1260,209,212,37,27,83,100,195,39

312,720,1776,168,1066,643,224,400,249,1219,207,212,37,27,84,105,183,39
313,724,1793,0,1068,707,244,437,273,1223,208,231,40,29,84,104,190,40
314,727,1804,0,1069,660,232,414,255,1224,198,220,37,27,83,98,194,39
314,728,1810,178,1068,668,232,414,258,1225,198,220,38,28,84,98,195,39
314,728,1814,176,1069,656,230,412,253,1226,198,220,37,27,84,97,196,38
315,729,1817,177,1069,659,232,414,255,1226,198,221,38,27,84,97,196,39
315,728,1819,0,1068,645,224,400,249,1226,210,214,37,27,83,94,197,37
316,730,1821,0,1069,662,230,411,256,1229,199,219,38,27,84,97,197,38
316,729,1822,0,1067,656,231,412,254,1228,199,220,38,27,84,97,198,39
316,729,1822,0,1068,664,231,412,257,1227,198,220,38,28,83,97,198,38
316,728,1822,0,1066,701,243,434,271,1227,210,232,40,29,83,101,198,40
316,728,1821,190,1065,700,243,434,271,1226,210,232,40,29,83,101,199,40
316,727,1821,0,1065,653,230,411,253,1225,198,220,37,27,83,96,199,39
316,727,1821,0,1063,657,229,409,254,1224,198,219,38,27,83,96,200,38
316,727,1822,181,1065,666,231,413,257,1224,198,221,38,28,83,97,199,39
316,727,1821,0,1064,641,223,398,248,1224,209,213,37,27,83,94,199,37
316,726,1822,178,1062,654,230,411,253,1224,197,220,38,27,83,96,199,38
316,726,1822,0,1064,654,230,411,253,1224,198,220,38,27,83,97,199,39
316,726,1821,0,1063,661,230,411,256,1223,198,220,38,28,83,97,199,38
317,726,1821,180,1063,659,229,409,255,1223,198,219,38,27,83,96,199,38
316,726,1821,177,1062,650,229,409,251,1223,198,219,37,27,83,96,199,38
317,726,1821,180,1063,658,229,409,255,1223,198,219,38,28,83,97,199,39
317,726,1821,180,1063,661,230,411,255,1223,199,220,38,28,83,97,200,39
317,726,1821,0,1063,653,230,410,253,1223,198,219,38,27,83,96,199,39
317,726,1822,179,1063,657,229,409,254,1223,198,219,38,27,83,97,199,39
317,725,1821,190,1062,697,242,432,270,1221,209,231,40,29,83,101,200,40
317,726,1821,0,1063,637,222,396,246,1223,209,212,37,27,83,94,199,37
317,725,1821,181,1061,662,230,411,253,1221,198,220,38,27,83,97,200,39
317,725,1821,0,1061,658,229,410,252,1221,197,219,37,27,83,96,201,39
317,725,1821,0,1061,659,229,410,252,1222,197,219,38,27,83,96,201,39
317,725,1821,0,1062,660,230,411,252,1222,197,220,38,27,83,96,200,39
317,725,1821,0,1061,636,221,396,246,1222,209,212,37,27,83,94,200,37
317,724,1821,0,1060,650,226,404,252,1220,198,217,37,27,83,96,201,38
317,725,1821,0,1060,655,228,407,253,1221,198,218,38,27,83,96,201,38
317,724,1820,180,1061,656,228,408,254,1221,198,218,38,27,83,96,200,38
317,725,1821,180,1061,658,229,409,255,1221,198,219,38,28,83,97,201,38
317,725,1821,0,1061,638,222,397,247,1221,209,213,37,27,83,94,200,37
317,724,1821,178,1060,649,229,409,251,1220,197,219,37,27,83,96,201,39
317,725,1821,0,1061,651,229,409,252,1221,197,219,37,27,83,96,200,38
317,725,1821,0,1060,651,226,404,252,1221,197,217,38,27,83,96,200,38
317,725,1821,0,1060,657,229,409,254,1221,196,219,38,27,83,97,201,38
317,725,1821,0,1061,649,226,403,251,1221,198,216,37,27,83,95,200,38
317,724,1821,180,1060,656,228,408,254,1220,197,219,38,28,83,97,201,39
317,724,1821,0,1060,696,242,432,269,1220,209,231,40,29,83,101,201,40
317,724,1821,178,1059,647,228,408,250,1219,197,219,37,27,83,95,202,38
317,724,1821,180,1059,656,228,408,254,1220,198,219,38,28,83,97,202,39
317,724,1821,180,1060,656,228,408,254,1220,197,219,38,28,83,97,201,38
317,725,1821,0,1060,659,229,410,255,1221,198,220,38,28,83,97,201,39
317,725,1821,191,1060,696,242,432,269,1221,209,231,40,29,83,101,201,40
317,725,1821,0,1060,644,224,400,249,1221,209,214,37,27,83,94,201,37
317,725,1821,0,1060,654,228,407,253,1221,198,218,38,27,83,96,201,38
317,725,1822,0,1060,638,223,398,247,1221,209,214,37,27,83,100,201,39
317,724,1821,181,1060,659,229,410,255,1220,197,220,38,28,83,97,202,38
317,725,1821,0,1061,651,229,409,252,1221,198,219,38,27,83,96,201,39
317,725,1822,0,1061,656,228,408,254,1221,198,219,38,28,83,97,201,38
317,725,1822,0,1059,696,241,431,269,1221,208,231,40,29,83,101,201,40
317,725,1821,0,1060,637,223,398,247,1221,209,214,37,27,83,100,201,39
318,725,1821,0,1060,654,228,407,253,1221,198,218,38,27,83,95,202,38
317,724,1821,0,1059,648,225,403,251,1220,198,216,37,27,83,95,202,38
318,724,1821,0,1059,655,228,407,253,1220,197,218,38,27,83,96,202,38
318,724,1821,0,1058,655,228,407,253,1220,198,218,38,27,83,96,202,38
318,724,1821,0,1060,657,228,408,254,1220,198,219,38,27,83,96,202,38
318,724,1821,0,1059,647,225,402,250,1220,197,216,37,27,83,95,202,38
318,724,1821,0,1059,655,228,407,253,1220,197,218,38,27,83,96,202,38
318,724,1821,0,1058,643,223,399,249,1219,208,214,37,27,83,94,202,37
318,724,1821,0,1058,649,226,403,251,1220,197,216,38,27,83,96,203,38
318,724,1821,0,1059,657,228,408,254,1220,197,219,38,28,83,97,202,39
318,724,1821,0,1059,659,229,409,255,1220,197,219,38,28,83,96,202,38
318,724,1821,0,1059,638,222,396,247,1220,209,213,37,27,83,94,201,37
318,725,1821,0,1060,656,228,408,254,1221,198,219,38,27,83,96,201,38
318,724,1821,0,1059,651,227,405,252,1220,198,217,38,27,83,96,203,38
318,724,1821,0,1059,647,225,402,250,1220,197,215,37,27,83,95,202,38
318,724,1821,0,1058,637,222,396,247,1220,209,213,37,27,83,94,202,38
318,724,1821,0,1059,695,241,431,269,1220,209,231,40,29,83,101,202,40
318,724,1821,0,1058,651,229,409,252,1219,197,219,37,27,83,96,202,39
318,724,1819,0,1058,655,228,408,253,1220,197,219,38,27,83,96,202,38
318,724,1821,0,1059,654,228,407,253,1220,197,218,38,27,83,96,202,39
318,724,1821,0,1057,638,222,396,247,1220,209,213,37,27,83,93,202,37
318,724,1821,0,1058,651,229,409,252,1220,197,219,37,27,83,96,202,38
318,724,1821,0,1060,656,228,408,254,1221,197,219,38,27,83,96,202,38
318,724,1821,0,1060,636,221,395,246,1221,209,212,37,27,83,94,202,37
318,724,1821,177,1059,646,226,403,250,1220,208,216,38,27,83,100,202,39
318,724,1821,0,1059,661,230,411,253,1220,198,220,38,27,83,96,202,39
318,724,1821,180,1058,656,228,408,254,1220,198,219,38,27,83,96,203,38
318,724,1821,180,1059,655,228,407,253,1220,197,218,38,27,83,96,202,38
318,724,1821,0,1058,636,221,395,246,1220,209,212,37,27,83,94,202,37
318,724,1821,0,1059,656,228,408,253,1221,197,219,38,27,83,96,202,38
318,724,1821,0,1059,655,228,408,254,1220,198,219,38,27,83,96,202,38
318,724,1821,0,1059,654,227,406,253,1220,195,218,38,27,83,95,202,38
318,723,1821,180,1058,656,228,408,253,1219,197,219,38,27,83,96,203,38
318,723,1821,0,1057,655,228,407,253,1219,197,218,38,27,83,96,203,38
318,723,1821,0,1058,636,222,397,246,1220,208,213,37,27,83,100,203,39
318,724,1821,0,1059,644,224,400,249,1220,209,214,37,27,83,93,202,37
318,723,1820,0,1057,656,228,408,254,1219,198,219,38,28,83,96,203,38
318,724,1821,0,1058,649,229,409,251,1220,197,220,37,27,83,96,202,38
318,723,1821,0,1058,695,241,431,269,1219,209,231,40,29,83,100,203,40
318,723,1821,0,1058,695,241,431,269,1220,209,231,40,29,83,101,203,40
318,724,1821,0,1057,637,223,398,246,1220,208,214,37,27,83,100,203,39
318,723,1821,0,1058,655,228,407,253,1219,197,219,38,28,83,96,203,38
318,723,1820,191,1058,695,241,431,269,1219,208,231,40,29,83,100,203,40

313,618,1516,178,1033,633,233,418,256,1233,197,221,37,27,84,100,190,39
314,621,1529,193,1034,680,246,442,275,1236,209,235,40,29,84,103,198,41
314,622,1535,0,1033,632,230,412,255,1237,199,220,37,27,84,97,201,38
315,622,1539,184,1032,639,232,417,258,1236,198,222,38,28,84,98,204,39
315,621,1539,0,1030,636,232,416,257,1235,198,222,38,27,84,97,204,38
315,621,1539,0,1029,614,224,401,248,1233,210,214,37,27,83,94,204,38
315,620,1539,0,1027,671,244,437,271,1232,210,234,40,29,83,101,205,41
315,619,1538,0,1025,621,226,406,251,1231,209,217,37,27,83,94,205,38
315,618,1538,195,1024,667,243,436,270,1230,209,233,40,29,83,101,205,40
316,617,1538,0,1023,612,224,402,248,1229,209,216,37,27,83,100,205,39
316,618,1537,0,1023,633,231,414,256,1229,198,222,38,28,83,97,206,39
316,618,1537,0,1022,629,230,412,255,1228,198,221,38,28,83,96,206,38
316,618,1536,0,1022,632,230,414,256,1228,198,222,38,28,83,96,205,39
316,616,1536,0,1021,612,224,402,248,1227,209,216,37,27,83,100,206,39
316,617,1536,0,1021,611,224,402,248,1228,209,216,37,27,83,100,206,39
316,617,1535,186,1020,633,231,414,256,1226,198,222,38,28,83,97,207,39
316,616,1536,0,1020,622,230,412,252,1227,198,221,38,27,83,96,206,39
316,616,1535,0,1018,609,222,399,247,1227,209,214,37,27,83,93,206,37
316,615,1533,183,1018,622,227,408,252,1226,198,219,37,27,83,96,207,38
316,617,1535,0,1019,619,229,411,251,1226,197,220,37,27,83,96,206,39
316,617,1533,0,1018,620,229,411,251,1226,198,221,37,27,83,96,207,39
316,616,1534,185,1018,631,231,414,253,1226,198,222,38,27,83,96,207,39
316,617,1534,186,1018,633,231,415,256,1226,198,222,38,28,83,98,206,39
316,616,1532,182,1018,621,227,407,252,1226,198,219,38,27,83,96,207,38
316,615,1533,0,1018,621,227,408,252,1226,198,219,38,27,83,96,206,38
316,615,1532,185,1017,629,230,413,252,1226,196,221,38,27,83,96,207,39
316,616,1534,0,1017,633,231,415,257,1226,198,222,38,28,83,97,206,39
316,616,1534,0,1017,628,229,412,254,1226,198,221,38,28,83,96,207,38
316,616,1533,0,1017,666,242,435,270,1226,209,233,40,29,83,101,206,41
316,616,1533,0,1015,620,229,411,251,1225,196,220,37,27,83,95,207,38
316,616,1533,0,1016,622,230,412,252,1225,196,221,38,27,83,96,207,39
316,616,1532,0,1014,610,223,400,247,1224,209,215,37,27,83,93,207,37
316,616,1532,0,1015,609,224,401,247,1225,208,216,37,27,83,100,207,39
316,615,1531,0,1015,622,230,412,252,1225,197,221,38,27,83,96,207,39
317,615,1532,179,1014,607,223,400,246,1224,208,215,37,27,83,99,207,39
316,616,1532,0,1015,618,229,411,251,1225,197,221,37,27,83,95,207,39
317,616,1531,0,1015,627,229,411,254,1225,196,220,38,27,83,96,207,39
317,615,1531,0,1014,607,223,400,246,1224,208,215,37,27,83,100,207,39
317,616,1531,0,1014,621,227,407,252,1224,197,218,37,27,83,95,207,38
317,615,1531,0,1014,664,242,435,269,1224,208,233,40,29,83,100,208,41
317,616,1532,0,1014,607,222,398,246,1224,208,214,37,27,83,93,207,38
317,616,1532,0,1015,608,222,399,246,1225,209,214,37,27,83,93,207,37
317,615,1532,0,1014,614,225,403,249,1225,208,216,37,27,83,93,207,38
317,616,1531,0,1015,621,227,407,252,1226,197,218,37,27,83,95,207,38
317,616,1531,0,1014,625,229,411,254,1225,197,220,38,27,83,96,207,39
317,616,1532,0,1014,607,222,399,246,1226,208,214,37,27,83,93,206,37
317,616,1531,0,1013,623,228,410,250,1225,197,220,37,27,83,95,207,39
317,616,1530,0,1013,665,243,436,270,1225,209,233,40,29,83,100,207,41
317,615,1531,0,1013,624,228,409,253,1225,197,220,38,27,83,95,207,38
317,616,1531,183,1014,625,229,410,254,1225,197,220,38,27,83,96,207,38
317,616,1531,0,1014,613,226,405,249,1226,209,217,38,27,83,100,207,39
317,616,1531,182,1014,620,227,408,252,1226,197,219,38,27,83,96,207,38
317,615,1531,181,1014,618,229,411,251,1226,197,220,37,27,83,95,207,39
317,616,1531,180,1014,615,226,405,250,1226,208,218,38,28,83,100,207,39
317,615,1530,182,1013,619,227,407,251,1225,197,219,38,27,83,95,208,38
317,616,1531,0,1013,620,229,412,252,1226,195,221,37,27,83,95,207,39
317,615,1530,0,1013,606,222,398,246,1225,209,213,37,27,83,93,207,37
317,615,1530,0,1012,624,231,414,253,1226,198,222,38,27,83,96,207,39
317,615,1530,0,1012,633,231,415,257,1226,197,223,38,28,83,96,207,39
317,616,1529,0,1012,607,222,399,246,1225,209,214,37,27,83,93,207,37
317,615,1528,0,1012,663,242,435,269,1225,208,233,40,29,83,100,207,40
317,615,1528,0,1012,624,229,410,254,1225,197,220,38,27,83,95,207,38
317,614,1529,0,1012,607,223,401,246,1225,209,215,37,27,83,99,207,39
317,616,1530,185,1012,633,232,416,257,1226,198,223,38,28,83,97,208,39
317,615,1528,0,1012,622,231,414,253,1226,198,222,38,27,83,96,207,39
317,615,1529,0,1012,624,231,414,253,1226,198,222,38,27,83,96,207,39
317,615,1527,0,1011,623,228,409,253,1225,197,219,38,27,83,95,208,38
317,614,1529,0,1011,624,229,410,253,1225,197,220,38,27,83,95,208,38
317,615,1529,181,1011,617,227,407,251,1225,197,218,37,27,83,95,207,38
317,614,1529,0,1010,606,222,398,246,1225,208,214,37,27,83,93,207,38
317,615,1529,0,1011,625,229,411,254,1225,197,220,38,27,83,96,207,39
317,615,1529,183,1011,625,229,411,254,1225,197,220,38,27,83,95,208,39
317,614,1528,0,1011,621,228,409,252,1226,197,219,38,27,83,95,207,38
317,615,1528,0,1011,629,231,414,256,1225,198,222,38,28,83,97,208,39
317,615,1528,184,1011,629,230,414,256,1226,197,222,38,28,83,96,207,39
317,614,1528,0,1010,605,222,398,246,1225,209,214,37,27,83,93,207,37
317,615,1528,0,1011,606,222,398,246,1226,208,214,37,27,83,93,207,37
317,615,1526,0,1011,622,228,409,253,1225,197,220,38,27,83,95,207,38
317,614,1526,182,1011,619,227,408,252,1225,197,219,38,27,83,95,207,38
317,614,1526,0,1010,617,229,411,251,1225,197,221,38,27,83,95,208,39
317,614,1527,0,1010,623,228,410,253,1225,197,220,38,27,83,95,208,38
317,614,1526,181,1010,618,229,411,251,1225,197,220,38,27,83,95,208,39
317,615,1527,0,1010,613,224,403,249,1226,208,216,37,27,83,93,208,38
317,615,1527,0,1010,617,226,406,251,1226,197,218,38,27,83,95,208,38
317,614,1525,0,1009,625,229,411,254,1225,197,221,38,27,83,95,208,38
317,614,1525,0,1009,607,222,399,247,1225,208,214,37,27,83,93,208,38
317,614,1526,0,1009,615,228,409,250,1225,197,220,37,27,83,95,208,39
317,614,1527,0,1009,618,227,406,251,1225,197,218,38,27,83,95,207,38
317,614,1526,0,1009,625,229,412,254,1224,197,221,38,27,83,96,208,39
317,614,1525,0,1009,626,230,412,254,1225,195,221,38,28,83,95,208,39
317,614,1526,0,1009,604,222,398,246,1225,208,213,37,27,83,93,207,37
317,614,1525,0,1009,605,223,400,246,1225,208,215,37,27,83,99,208,39
317,614,1526,0,1009,607,224,401,247,1226,208,216,37,27,83,100,208,39
317,615,1526,177,1009,606,223,401,246,1226,208,216,37,27,83,99,208,39
317,614,1526,0,1009,620,230,412,252,1226,197,221,38,27,83,95,208,39
317,615,1525,0,1009,622,228,410,253,1226,197,220,38,27,83,95,208,39
317,615,1526,0,1008,626,230,412,254,1226,197,221,38,28,83,96,208,39
317,614,1526,0,1008,625,229,411,254,1225,197,221,38,27,83,95,208,39
317,614,1526,0,1009,607,223,400,247,1226,208,214,37,27,83,93,208,38
317,615,1524,0,1009,624,229,411,254,1226,195,221,38,27,83,96,207,38

