327,574,1486,150,927,586,219,480,255,1007,190,150,34,26,82,102,145,36
328,577,1500,0,929,582,215,472,254,1010,202,149,34,26,82,98,150,35
328,579,1508,0,930,577,215,469,252,1012,202,149,35,26,82,104,152,37
328,580,1514,153,930,588,220,483,257,1012,193,153,35,26,82,99,154,36
328,581,1518,156,931,595,220,483,259,1013,193,153,35,26,82,100,155,36
326,577,1519,0,926,623,231,506,273,1002,203,161,37,28,82,104,155,38
326,556,1470,0,889,565,217,476,255,1012,193,151,35,26,82,98,154,36
328,562,1480,0,901,576,220,483,258,1016,194,153,35,27,82,100,154,36
329,563,1482,0,901,565,216,474,254,1016,194,150,35,26,82,98,154,36
329,564,1479,0,896,568,219,480,256,1017,193,152,35,26,82,100,154,36
329,563,1479,0,895,571,220,482,257,1016,193,152,35,26,82,99,154,36
329,564,1480,0,894,558,215,471,251,1017,204,149,35,26,82,96,154,35
329,564,1480,156,895,562,219,480,253,1017,192,152,35,26,82,99,154,36
329,564,1481,0,894,567,219,479,256,1018,193,152,35,26,82,98,155,36
329,564,1481,157,894,566,221,484,255,1018,194,153,35,26,82,99,155,36
330,564,1481,167,893,600,231,506,271,1018,204,160,37,28,82,104,155,38
330,564,1481,0,892,550,213,466,248,1018,204,148,35,26,82,103,155,37
330,564,1481,0,893,550,213,466,248,1019,204,148,35,26,82,103,155,37
330,563,1481,156,892,561,219,479,253,1018,193,152,35,26,82,98,156,36
330,563,1481,0,892,549,212,464,248,1018,204,147,34,26,82,96,155,35
330,563,1481,152,892,547,211,463,247,1019,204,147,34,26,82,97,155,35
330,563,1481,156,891,559,218,478,252,1019,194,151,35,26,82,98,155,36
332,558,1469,0,888,562,218,479,255,1022,193,151,35,26,82,99,154,36
332,558,1469,0,888,563,219,479,255,1022,194,151,35,26,82,99,155,36
332,558,1468,0,887,597,232,508,271,1022,204,160,37,28,82,103,154,38
332,558,1469,156,886,559,217,475,253,1022,194,150,35,26,82,98,155,36
332,558,1468,0,886,562,218,479,255,1022,194,151,35,26,81,99,155,36
332,558,1468,0,886,546,212,464,248,1023,204,146,34,26,82,96,154,35
332,558,1468,0,885,546,213,466,248,1023,204,147,35,26,82,102,155,37
333,558,1468,157,885,563,219,481,256,1024,194,151,35,27,82,99,155,36
333,558,1468,0,885,552,215,471,250,1024,204,149,35,27,82,102,154,37
333,558,1468,0,885,555,216,473,252,1024,193,149,35,26,82,97,155,36
333,558,1468,0,885,563,219,480,256,1025,194,151,35,26,82,99,155,36
333,558,1468,0,885,596,232,508,271,1024,204,160,37,28,82,103,155,38
333,558,1468,166,884,596,232,508,271,1025,204,160,37,28,82,103,155,38
333,559,1468,0,885,548,214,468,249,1025,204,148,35,26,82,102,155,37
333,558,1468,0,884,554,216,473,252,1025,194,149,35,26,82,97,155,35
333,558,1468,153,884,544,213,465,247,1025,204,147,35,26,82,102,155,37
333,559,1468,0,883,551,215,471,250,1025,204,149,35,26,81,102,155,37
333,558,1468,157,882,560,219,479,255,1026,193,150,35,26,82,99,155,36
334,559,1468,0,883,560,218,478,254,1027,193,150,35,26,82,99,155,36
334,559,1468,0,883,543,212,463,247,1026,204,145,34,26,82,96,155,35
334,559,1468,0,882,543,213,465,247,1026,204,147,35,26,81,102,155,37
334,559,1468,0,882,554,216,473,252,1027,193,149,35,26,82,97,155,36
334,559,1468,0,882,543,212,464,247,1028,204,145,34,26,81,95,155,35
334,559,1468,0,882,561,219,479,255,1028,193,150,35,27,82,98,155,36
334,556,1468,0,882,553,216,473,252,1028,193,148,35,26,81,97,155,36
334,559,1468,0,881,559,218,478,254,1029,193,150,35,26,81,98,155,36
335,559,1468,152,881,543,213,466,247,1029,204,146,35,26,81,102,155,37
335,559,1467,156,880,554,219,479,252,1029,192,150,35,26,81,97,156,36
335,559,1467,157,881,559,219,479,255,1030,192,150,35,26,81,99,155,36
335,560,1467,0,880,559,219,478,252,1031,194,150,35,26,82,98,155,36
335,560,1467,0,880,549,215,469,250,1031,204,147,35,26,81,95,155,35
335,560,1467,0,881,559,219,479,255,1032,193,150,35,26,82,98,155,36
335,560,1466,0,880,555,220,480,253,1032,193,150,35,26,81,98,155,36
335,560,1466,155,880,553,219,479,252,1032,193,150,35,26,81,98,155,36
336,560,1466,0,880,555,220,480,253,1033,193,150,35,26,82,98,154,36
336,560,1466,0,879,559,219,479,254,1033,193,149,35,26,82,97,155,36
336,560,1466,157,879,559,219,479,255,1034,192,149,35,26,81,98,155,36
336,560,1466,0,879,554,217,475,253,1033,193,148,35,26,81,98,155,36
336,560,1465,0,878,541,212,463,246,1033,204,144,34,26,81,95,155,35
336,559,1464,156,878,553,219,479,252,1032,193,150,35,26,81,97,155,36
337,560,1466,0,879,592,232,507,270,1035,203,158,37,28,81,102,156,38
337,560,1465,0,879,546,215,469,249,1035,204,147,35,26,81,101,155,37
337,560,1464,0,879,551,216,472,251,1036,192,147,35,26,81,96,155,35
338,560,1464,0,877,540,212,463,246,1036,204,144,34,26,81,95,155,35
338,560,1463,0,877,540,213,465,247,1036,203,145,35,26,81,101,155,37
338,560,1463,0,877,557,219,478,254,1037,192,149,35,26,81,97,155,36
338,560,1463,0,877,547,216,471,250,1037,203,147,35,26,81,102,155,37
338,560,1462,0,877,553,217,474,252,1037,192,148,35,26,81,97,155,36
338,560,1462,157,876,559,220,480,255,1037,193,149,35,27,81,98,155,36
338,560,1462,0,876,539,212,463,246,1038,203,144,34,26,81,95,155,35
338,559,1461,0,876,546,215,469,249,1037,203,145,35,26,81,95,155,35
338,560,1461,0,875,540,212,464,247,1038,203,144,34,26,81,95,155,35
339,560,1461,153,876,541,214,466,247,1038,203,145,35,26,81,102,155,37
339,560,1461,0,876,550,216,473,252,1039,193,147,35,26,81,96,155,36
339,560,1461,0,875,559,220,480,255,1039,193,149,35,26,81,98,155,36
339,559,1460,0,875,540,213,465,246,1038,203,145,35,26,81,101,156,37
339,559,1461,157,874,558,220,479,255,1039,193,149,35,27,81,98,155,36
339,559,1460,157,874,557,219,479,254,1040,192,148,35,26,81,98,155,36
339,559,1460,0,874,546,216,470,249,1040,203,146,35,26,81,101,155,37
339,559,1460,0,874,549,216,472,251,1040,193,146,35,26,81,96,156,35
339,559,1460,0,874,539,212,463,246,1040,203,144,34,26,81,95,155,35
339,559,1460,0,874,558,220,480,255,1041,193,149,35,27,81,98,155,36
340,559,1460,0,874,587,231,505,268,1041,203,156,37,28,81,102,155,38
340,559,1460,158,873,560,221,482,256,1041,193,149,36,27,81,98,155,36
340,559,1460,156,873,555,219,478,254,1042,192,148,35,26,81,98,155,36
340,559,1460,0,873,546,216,470,249,1041,203,146,35,26,81,101,155,37
340,559,1459,0,872,547,215,470,250,1041,193,146,35,26,81,96,156,35
340,559,1459,152,873,539,212,463,246,1042,203,143,34,26,81,95,155,35
340,559,1460,0,873,550,219,479,251,1042,192,148,35,26,81,97,155,36
340,559,1459,0,872,538,212,463,246,1042,203,143,34,26,81,95,155,35
340,559,1459,0,873,557,220,480,254,1043,192,148,35,27,81,98,155,36
341,558,1459,0,873,545,215,469,249,1043,203,145,35,26,81,95,156,35
341,559,1459,0,872,553,218,476,253,1044,193,147,35,26,81,97,155,36
341,558,1459,0,872,538,212,463,246,1044,203,143,34,26,81,94,155,35
341,558,1459,165,872,587,231,505,268,1044,203,156,37,28,81,102,155,38
341,558,1459,0,872,537,212,463,246,1044,203,143,34,26,81,94,155,35
341,558,1459,0,872,554,219,478,254,1044,192,147,35,26,81,97,155,36
341,558,1459,0,872,549,217,473,251,1045,193,146,35,26,81,97,155,36

319,613,1621,148,989,677,225,488,273,950,202,159,37,28,82,106,147,37
320,618,1639,138,992,622,207,450,251,957,203,147,34,25,82,97,153,35
320,620,1647,0,993,643,214,465,256,957,192,152,35,26,82,99,155,36
320,620,1651,152,992,681,226,492,275,957,204,162,37,28,82,103,157,37
320,620,1651,140,990,622,208,451,251,957,204,149,35,26,82,102,157,36
320,619,1653,0,989,620,207,449,251,956,204,148,34,26,82,95,158,34
320,622,1665,154,995,681,226,491,274,959,204,162,37,28,82,103,159,37
321,639,1686,0,1008,624,207,449,250,958,204,148,34,26,82,95,158,34
321,638,1687,0,1006,623,206,448,250,957,204,148,34,26,82,95,158,34
321,639,1688,142,1007,624,208,450,251,956,204,149,35,26,82,102,159,36
321,638,1688,142,1006,622,207,448,250,956,204,149,35,26,82,101,159,36
321,638,1689,146,1005,641,213,461,257,955,193,153,35,26,82,98,160,36
321,637,1689,0,1004,649,215,466,260,955,194,154,36,27,82,99,159,36
322,649,1671,0,1009,620,206,447,249,959,204,148,34,26,82,95,160,34
322,648,1669,0,1009,646,215,466,256,958,194,154,35,26,82,98,160,36
323,643,1703,0,1011,665,214,465,258,962,193,154,36,27,82,98,162,36
325,666,1750,163,1046,696,225,489,271,964,204,161,37,28,82,102,161,37
326,666,1749,0,1046,641,208,451,249,964,204,149,35,26,82,101,161,36
326,667,1748,155,1047,662,214,465,255,965,192,153,35,26,82,97,162,36
326,667,1747,0,1046,640,207,449,249,964,204,148,34,26,81,95,161,35
326,667,1747,154,1046,660,214,464,257,963,193,153,35,26,81,98,162,36
326,666,1747,154,1046,661,214,464,257,963,192,153,36,27,82,98,162,36
326,666,1747,164,1046,700,226,490,272,961,204,162,38,28,82,102,162,37
322,601,1593,143,941,584,209,452,249,969,203,149,35,26,81,101,159,36
323,636,1671,147,986,608,209,451,249,965,204,149,35,26,81,101,159,36
322,634,1661,150,984,619,215,466,254,963,193,153,35,26,81,97,160,36
323,620,1627,0,960,591,209,452,249,968,204,149,35,26,82,101,159,36
322,620,1620,0,958,645,227,492,272,966,203,161,37,28,81,102,159,37
322,620,1621,147,957,602,212,460,254,966,193,151,35,26,81,97,160,35
322,619,1620,0,957,610,215,466,257,966,193,153,36,27,81,98,160,36
322,618,1620,0,957,588,207,450,248,966,203,148,34,26,81,94,159,34
322,619,1619,0,956,589,209,451,248,966,203,149,35,26,81,101,159,36
322,619,1619,0,956,612,216,468,258,966,193,153,36,27,81,98,159,36
323,619,1618,0,956,588,208,450,248,966,203,148,34,26,81,95,159,35
323,619,1618,150,956,613,216,468,258,966,193,154,36,27,81,99,159,36
323,618,1618,149,956,609,215,466,256,966,193,153,35,27,81,98,160,36
323,617,1618,0,955,587,207,449,248,966,203,147,34,26,81,94,160,34
323,618,1617,0,955,609,215,466,257,967,192,153,36,26,81,97,159,36
323,617,1617,0,955,588,208,450,248,966,203,148,34,26,81,94,160,34
323,617,1617,0,954,607,214,464,256,966,192,153,35,26,81,97,160,35
323,618,1617,149,954,610,215,466,257,966,192,153,36,27,81,97,159,36
323,618,1616,0,954,595,210,455,251,966,203,149,35,26,81,94,160,35
323,617,1616,149,955,608,215,466,257,966,192,153,36,27,81,98,160,36
323,617,1616,0,954,643,227,491,271,966,203,161,37,28,81,102,160,37
323,616,1616,0,953,588,209,451,248,966,203,149,34,26,81,101,160,36
323,615,1615,147,953,599,214,464,253,965,192,152,35,26,81,97,160,36
323,617,1615,0,953,606,214,464,256,966,192,153,35,26,81,97,160,36
323,616,1614,144,953,587,208,450,248,966,204,148,34,26,81,95,160,35
323,616,1615,0,953,586,207,449,247,966,204,148,34,26,81,94,160,34
323,616,1614,0,953,608,215,466,257,966,193,153,36,27,81,98,160,36
323,615,1614,0,953,642,227,491,271,966,203,161,37,28,81,101,160,37
323,616,1614,149,953,610,216,467,258,966,193,153,36,27,81,98,160,36
323,616,1614,0,952,642,227,492,271,965,203,161,37,28,81,101,160,37
323,615,1614,0,952,598,214,464,253,965,193,152,35,26,81,96,161,36
323,615,1613,0,951,586,207,449,247,965,203,147,34,26,81,94,161,35
323,614,1613,0,951,598,214,463,253,965,192,153,35,26,81,96,161,36
323,615,1613,149,952,607,215,465,256,965,191,153,36,27,81,98,160,36
323,615,1613,144,952,587,208,450,248,965,203,148,34,26,81,95,161,35
323,615,1612,0,952,587,209,451,248,966,203,149,35,26,81,101,160,36
323,615,1612,0,951,598,214,464,253,965,193,152,35,26,81,96,161,36
323,615,1612,149,951,607,215,465,256,965,193,153,36,26,81,98,161,36
324,615,1612,0,951,606,215,465,256,966,192,153,36,27,81,97,160,36
324,614,1612,0,951,587,209,451,248,966,203,149,35,26,81,101,161,36
324,614,1612,0,951,600,215,466,254,966,193,153,35,26,81,96,161,36
324,614,1612,147,951,599,212,459,253,966,192,151,35,26,81,96,161,35
324,613,1611,0,951,598,212,459,253,966,191,150,35,26,81,95,161,35
324,614,1611,0,951,585,207,449,247,966,203,147,34,26,81,94,160,34
324,614,1611,0,951,604,214,464,255,966,192,152,35,26,81,96,161,35
324,614,1611,0,951,585,209,451,248,966,203,148,35,26,81,100,161,36
324,614,1611,146,949,596,214,462,252,965,191,152,35,26,81,96,162,36
324,614,1611,0,950,602,214,463,255,965,192,152,35,26,81,97,161,35
324,614,1611,0,950,607,215,466,257,966,192,153,36,27,81,97,161,36
324,613,1611,0,950,606,215,465,256,965,193,153,35,26,81,97,161,35
324,613,1610,0,950,640,227,491,271,965,203,161,37,28,81,101,161,37
324,613,1610,0,949,586,209,451,248,965,203,149,35,26,81,100,161,36
324,612,1610,149,949,608,216,467,258,965,193,153,36,27,81,98,161,36
324,613,1610,0,948,602,213,462,255,965,192,152,35,26,81,97,161,36
324,613,1610,0,949,641,227,491,271,965,203,161,37,28,81,101,161,37
324,613,1610,0,949,599,213,460,254,964,192,151,35,26,81,96,161,35
324,612,1609,147,949,598,212,460,253,965,192,151,35,26,81,96,161,35
324,612,1609,0,949,584,207,449,247,965,203,148,34,26,81,94,161,34
324,613,1608,0,949,601,213,462,255,965,192,152,35,26,81,96,161,35
324,612,1609,0,948,595,214,463,252,965,192,152,35,26,81,96,161,36
324,613,1608,150,949,609,216,468,258,965,192,154,36,27,81,98,161,36
324,613,1608,144,949,586,209,452,249,965,203,149,35,26,81,101,161,36
324,613,1608,0,949,584,207,449,247,965,203,147,34,26,81,94,161,34
324,613,1606,0,949,585,208,449,248,965,203,148,34,26,81,94,161,34
324,612,1608,0,948,640,227,491,271,965,203,161,37,28,81,101,161,37
324,612,1607,0,948,585,209,450,248,965,203,149,35,26,81,100,161,36
324,612,1607,0,948,596,214,463,253,964,191,152,35,26,81,96,162,36
324,612,1607,0,947,584,207,449,247,964,203,148,34,26,81,94,162,34
324,611,1607,0,947,601,213,462,255,965,192,152,35,26,81,96,162,35
324,611,1606,148,947,602,214,463,255,964,192,153,35,26,81,97,162,36
324,611,1606,148,947,602,214,463,255,964,192,152,35,26,81,96,162,36
324,611,1606,148,947,604,215,464,256,964,192,153,35,26,81,96,161,35
324,611,1606,144,947,584,209,450,248,964,203,149,35,26,81,100,161,36
324,611,1605,0,946,585,208,449,248,964,203,148,34,26,81,94,161,34
324,611,1605,0,947,603,214,464,255,964,192,153,35,26,81,96,161,36
324,611,1604,0,947,597,212,459,253,964,192,151,35,26,81,95,162,35
324,611,1605,0,945,583,207,449,247,964,203,148,34,26,81,94,162,35

318,594,1556,144,951,598,204,439,249,929,201,151,34,26,82,105,158,36
319,597,1572,0,953,599,205,441,250,931,203,152,34,26,82,103,164,36
319,599,1580,0,954,598,203,438,249,932,203,151,34,25,82,96,167,35
319,600,1586,0,954,600,205,441,250,933,204,153,35,26,81,102,169,36
319,600,1590,154,954,623,212,457,260,933,194,158,36,27,81,99,170,36
319,600,1592,0,954,618,210,453,257,933,193,157,35,27,81,98,170,36
319,600,1594,0,954,597,203,439,249,933,204,152,34,26,81,95,170,35
319,600,1596,0,954,605,206,444,252,934,204,154,35,26,81,95,171,35
320,601,1598,0,954,612,211,456,255,936,192,158,35,26,82,97,171,36
320,601,1599,0,955,619,211,455,258,937,193,158,36,27,82,98,172,36
320,601,1600,152,954,610,210,454,254,937,194,158,35,26,81,97,172,36
320,601,1601,0,954,596,203,439,249,937,204,152,34,26,81,95,172,35
320,602,1602,0,955,616,210,453,257,939,193,157,35,26,81,97,172,36
321,602,1603,150,955,597,205,441,249,938,204,153,35,26,81,101,172,36
321,602,1602,0,955,611,210,454,255,938,194,158,35,26,81,97,172,36
321,602,1603,0,955,615,212,458,257,938,194,159,35,27,81,98,172,36
321,602,1604,0,955,621,211,457,256,938,194,159,35,26,81,98,172,36
321,602,1604,164,955,653,222,480,272,938,204,166,37,28,81,102,173,37
321,602,1604,150,954,596,203,439,249,938,205,152,34,26,81,95,173,35
321,602,1604,154,954,610,208,449,254,938,193,156,35,26,81,97,172,36
321,601,1604,151,954,602,206,444,251,938,204,155,35,26,81,101,173,37
321,602,1605,154,955,614,209,452,256,937,194,157,35,26,81,97,173,36
321,602,1605,150,954,596,204,440,249,937,205,154,35,26,81,101,173,36
321,601,1605,0,954,613,209,452,256,937,193,157,35,26,81,97,173,36
321,601,1606,0,954,603,205,443,251,937,204,154,35,26,81,94,174,35
321,601,1606,0,954,606,207,446,253,937,194,155,35,26,82,97,173,35
321,601,1606,0,954,616,210,454,257,936,193,158,36,27,81,98,174,36
321,601,1606,0,954,651,221,478,271,936,204,166,37,28,81,102,174,37
321,601,1606,0,953,613,209,451,256,937,194,157,35,27,81,97,173,36
321,601,1606,150,953,592,203,437,247,936,204,153,35,26,81,101,174,36
321,601,1607,153,953,607,209,452,253,936,193,157,35,26,81,97,174,36
321,601,1606,0,952,648,221,477,270,936,204,166,37,28,81,101,174,37
321,601,1607,0,952,618,211,455,258,936,193,158,36,27,81,98,174,36
322,601,1609,0,953,610,208,449,254,937,193,156,35,26,81,96,174,35
322,601,1609,155,953,614,210,453,256,938,193,158,36,27,81,97,174,36
322,601,1609,0,953,611,209,451,255,938,193,157,35,26,81,97,174,36
322,601,1607,0,953,650,222,479,272,938,204,166,37,28,81,101,174,37
322,601,1609,152,953,602,206,445,252,938,204,155,35,27,81,101,174,37
322,601,1608,154,953,608,208,448,254,938,192,156,35,26,81,97,175,35
322,601,1609,0,953,612,209,452,256,938,193,157,36,27,81,97,174,36
322,601,1609,0,953,605,209,451,253,938,194,157,35,26,81,97,175,36
322,601,1608,0,952,594,203,438,248,937,204,152,34,26,81,94,175,35
322,601,1608,154,952,608,208,448,254,937,193,156,35,26,81,97,175,35
322,601,1608,0,952,605,207,446,253,938,193,156,35,26,81,97,174,35
322,601,1608,152,952,601,206,444,251,938,204,155,35,26,81,101,174,36
322,601,1608,0,952,600,206,443,251,938,204,155,35,26,81,101,175,37
322,599,1607,0,952,606,207,447,253,938,193,156,35,26,81,96,175,35
321,599,1607,154,949,614,209,452,256,932,194,158,35,27,81,97,175,36
321,599,1607,0,949,610,208,449,255,932,194,157,35,26,81,97,175,35
321,599,1607,150,949,595,204,439,248,932,205,154,35,26,81,101,175,36
321,599,1608,0,949,606,209,451,253,932,193,157,35,26,81,97,175,36
321,599,1607,0,949,612,208,450,255,931,194,157,35,26,81,97,175,36
321,599,1606,154,949,614,209,452,256,932,193,158,36,27,81,98,176,36
321,600,1608,155,949,615,209,452,256,933,194,158,36,27,81,98,175,36
321,600,1608,0,949,647,220,476,270,933,204,166,37,28,81,101,175,38
321,600,1608,0,948,612,209,451,255,932,194,157,35,27,81,96,175,36
321,600,1609,163,949,649,221,477,271,932,205,166,38,28,81,101,176,37
321,600,1609,0,949,593,202,436,247,932,204,152,34,26,81,94,175,35
328,601,1610,0,949,610,208,449,255,932,194,157,35,27,81,96,176,36
327,601,1609,0,950,592,203,438,248,935,205,152,35,26,81,94,175,35
314,589,1554,0,949,636,230,491,279,966,198,165,38,28,81,98,173,38
318,593,1557,0,956,581,211,450,256,974,199,152,35,25,81,91,173,35
314,589,1549,0,950,579,210,448,255,970,198,151,34,25,81,91,173,35
315,589,1549,163,951,592,217,464,261,969,187,157,35,26,81,93,173,36
314,589,1550,165,950,599,217,464,264,968,187,157,36,26,81,94,173,36
308,592,1605,0,936,595,201,435,245,917,202,152,35,26,80,101,177,36
320,607,1629,156,954,625,210,455,257,940,193,159,36,27,81,98,178,36
321,609,1633,0,956,619,208,451,255,942,194,157,36,27,81,97,178,36
322,609,1632,0,956,614,206,447,253,942,193,156,35,26,81,96,178,35
323,609,1634,0,956,600,201,437,247,942,205,152,34,26,81,94,178,35
323,610,1634,0,957,602,202,439,248,943,205,153,34,26,81,94,177,35
323,610,1633,157,957,627,211,457,258,943,194,160,36,27,81,98,178,36
324,610,1635,0,957,620,208,452,256,943,194,158,36,27,81,98,178,36
324,610,1636,0,958,599,201,437,247,943,205,153,34,26,81,94,178,35
324,611,1636,0,958,657,220,478,270,943,205,167,38,28,81,102,178,37
324,610,1635,156,958,627,210,456,258,943,194,159,36,27,81,98,178,36
326,627,1682,0,982,632,209,453,253,947,194,158,35,26,81,97,179,36
324,619,1662,151,972,614,200,435,246,945,205,153,34,26,81,94,179,35
333,623,1680,0,976,615,200,436,247,929,206,154,35,26,81,95,180,35
333,624,1679,0,976,616,202,438,247,930,206,155,35,26,81,101,180,37
333,624,1679,155,976,627,207,450,252,929,194,159,35,26,81,97,180,36
333,623,1679,0,976,632,206,448,254,929,195,158,36,27,81,98,180,36
333,624,1678,0,976,633,206,448,254,929,195,158,36,27,81,97,180,36
333,624,1677,0,976,669,218,473,268,929,206,167,37,28,81,102,180,37
334,624,1678,155,976,625,206,448,251,929,195,158,35,26,81,97,180,36
334,623,1679,0,976,627,204,444,252,929,195,157,35,26,81,96,180,35
334,625,1679,0,976,612,200,434,246,929,206,153,34,26,81,94,181,35
334,624,1679,0,976,613,200,435,246,929,206,154,34,26,81,95,181,35
334,625,1679,157,975,632,206,448,254,929,194,158,36,27,81,97,181,36
334,624,1678,0,976,632,206,448,253,929,195,158,35,27,81,97,181,36
334,625,1679,0,975,613,201,436,246,929,206,154,35,26,81,101,181,36
334,624,1679,152,976,613,201,436,246,929,206,154,35,27,81,101,180,36
334,624,1678,152,976,613,200,434,246,930,206,153,34,26,81,95,180,35
334,624,1678,156,976,630,206,447,253,929,195,158,35,26,81,96,180,35
334,624,1678,157,975,632,207,449,251,929,195,159,35,27,81,97,181,36
334,626,1678,155,976,627,207,450,252,930,195,159,35,26,81,97,180,36
334,625,1678,0,976,632,206,448,254,930,195,158,36,27,81,97,181,36
334,624,1677,154,975,619,203,440,249,929,206,156,35,27,81,101,181,36
334,625,1676,0,975,613,201,436,246,929,206,154,35,26,81,101,181,36
334,625,1677,155,975,624,206,448,251,929,195,158,35,26,81,97,182,36

347,643,1640,176,1003,683,221,492,271,1008,204,162,37,28,82,106,162,38
348,647,1655,164,1006,627,205,453,249,1011,204,151,35,26,82,103,168,37
348,648,1665,0,1007,635,206,457,252,1013,205,152,35,26,82,96,171,35
349,650,1671,0,1008,642,211,468,254,1013,195,156,35,26,82,98,172,37
349,650,1674,0,1008,639,207,460,253,1013,193,154,35,26,82,98,173,36
349,651,1676,0,1008,637,207,459,252,1013,195,154,35,26,82,97,173,36
349,651,1676,0,1007,682,221,490,270,1012,206,164,37,28,82,102,174,38
349,651,1676,166,1007,623,202,449,246,1011,206,151,34,26,81,95,175,35
349,651,1676,0,1006,623,202,449,246,1010,206,151,34,26,81,95,175,35
349,650,1676,0,1005,633,206,456,251,1009,195,153,35,26,81,97,175,36
350,650,1675,0,1005,647,210,466,256,1009,195,157,36,27,81,98,175,36
350,650,1674,0,1004,623,203,450,247,1009,206,152,35,26,81,101,176,37
350,650,1674,170,1005,634,208,462,251,1009,194,155,35,26,81,97,176,36
350,650,1673,0,1005,634,206,457,251,1009,195,154,35,26,81,97,175,36
350,650,1674,0,1004,641,208,462,253,1009,195,155,35,27,81,97,176,36
350,650,1673,0,1003,639,207,460,253,1008,195,155,35,26,81,97,176,36
350,650,1672,0,1003,630,205,454,249,1008,206,153,35,27,81,101,176,37
350,650,1673,0,1003,627,204,452,248,1008,205,153,35,26,81,101,176,37
350,650,1673,0,1004,628,205,453,249,1008,206,153,35,26,81,101,176,37
350,650,1673,0,1004,628,205,453,249,1008,205,153,35,26,81,101,176,37
350,650,1671,0,1003,621,202,447,245,1008,205,151,34,26,81,95,176,35
350,650,1673,0,1003,633,205,455,250,1007,195,153,35,26,81,96,176,36
350,649,1673,0,1002,633,205,456,250,1007,194,154,35,26,81,96,176,36
351,649,1673,0,1003,632,205,455,249,1007,194,153,35,26,81,97,177,36
351,649,1672,0,1003,626,203,451,247,1007,189,152,35,26,81,95,176,35
351,649,1673,172,1002,639,207,460,252,1007,194,155,35,27,81,97,177,36
351,649,1673,0,1002,635,206,457,251,1007,194,154,35,26,81,96,177,36
351,649,1672,0,1002,632,205,455,250,1006,194,153,35,26,81,96,177,36
351,649,1672,0,1003,639,208,460,253,1006,194,155,35,26,81,98,176,36
351,649,1670,0,1002,622,202,447,246,1006,205,151,34,26,81,94,176,35
351,649,1672,0,1003,643,209,463,254,1006,194,156,35,27,81,98,176,36
351,649,1672,0,1003,639,207,460,252,1006,194,155,35,26,81,96,176,36
351,649,1671,0,1002,679,220,487,268,1006,205,164,37,28,81,102,177,38
351,649,1671,0,1002,634,208,462,251,1006,193,156,35,26,81,97,177,36
351,649,1670,0,1001,638,207,459,252,1005,194,155,35,26,81,97,177,36
351,649,1671,0,1002,635,206,456,251,1006,194,154,35,26,81,96,176,36
351,649,1670,0,1002,621,201,447,245,1006,205,151,34,26,81,94,177,35
351,649,1670,0,1002,677,219,487,267,1006,205,164,37,28,81,101,177,38
351,648,1671,174,1001,642,208,462,251,1005,192,156,35,26,81,97,178,36
351,650,1671,173,1002,641,208,461,253,1004,195,156,35,27,81,98,177,36
351,649,1671,173,1002,640,208,461,253,1006,194,155,35,27,81,97,177,36
351,649,1670,173,1002,640,207,460,253,1005,194,155,35,26,81,97,177,36
351,649,1669,0,1003,679,219,487,268,1005,205,164,37,28,81,101,177,38
351,650,1671,0,1004,642,208,461,253,1006,195,156,35,27,81,97,177,36
351,649,1670,0,1003,679,219,487,268,1005,205,164,37,28,81,101,177,38
351,649,1669,0,1004,622,202,448,245,1005,205,152,35,26,81,100,177,37
351,649,1670,0,1004,621,201,445,245,1005,205,150,34,26,81,94,177,35
351,649,1671,0,1005,640,207,460,252,1005,192,155,35,27,81,97,177,36
351,649,1672,169,1005,621,201,446,245,1005,205,151,34,26,81,95,177,35
351,649,1672,173,1005,634,208,460,250,1005,194,155,35,26,81,96,177,36
351,649,1672,0,1006,622,202,447,245,1005,205,151,35,26,81,101,177,37
351,649,1673,174,1006,641,207,460,252,1005,193,155,35,26,81,96,177,36
352,649,1673,185,1006,681,220,488,268,1005,205,165,37,28,81,101,177,38
352,648,1673,0,1006,641,207,460,252,1005,194,155,35,27,81,97,177,36
352,648,1673,175,1006,641,207,460,252,1005,194,155,35,27,81,97,178,36
352,648,1672,0,1006,621,201,445,244,1005,205,150,34,26,81,94,177,35
352,648,1674,0,1007,644,208,462,253,1006,194,156,35,27,81,98,177,36
352,647,1674,0,1006,636,208,461,250,1004,193,156,35,26,81,96,178,36
352,647,1673,176,1007,646,209,463,254,1005,194,156,36,27,81,97,178,36
352,648,1674,0,1007,623,202,447,245,1005,205,151,35,26,81,101,177,37
352,648,1673,0,1008,637,208,461,251,1006,194,156,35,26,81,97,178,36
352,648,1674,0,1007,621,201,445,244,1005,205,150,34,26,81,94,178,35
352,648,1674,185,1007,680,219,487,267,1007,205,164,37,28,81,101,178,38
353,648,1674,0,1006,629,203,451,247,1008,205,152,35,26,81,94,178,35
353,649,1673,0,1003,633,205,455,250,1010,193,153,35,26,81,96,177,36
354,649,1671,0,1001,640,208,460,252,1012,194,155,35,27,81,97,177,36
353,649,1669,172,1000,634,208,462,250,1013,193,155,35,26,81,96,177,36
354,649,1669,174,999,641,208,462,253,1013,192,155,35,27,81,97,177,36
354,649,1670,0,999,619,201,445,244,1014,205,149,34,26,81,94,177,35
354,649,1671,0,999,638,207,460,251,1015,193,154,35,27,81,96,177,36
354,649,1671,0,999,619,201,446,244,1015,205,149,34,26,81,94,177,35
354,649,1671,0,999,634,209,462,250,1015,194,155,35,26,81,96,177,36
354,649,1671,0,998,641,208,461,253,1015,193,154,35,27,81,97,177,36
354,650,1671,0,999,618,201,446,244,1015,205,149,34,26,81,94,177,35
354,649,1670,0,999,633,208,462,250,1016,193,154,35,26,81,96,177,36
354,649,1670,0,999,631,208,460,249,1016,194,154,35,26,81,96,176,36
354,649,1671,0,998,619,201,446,244,1016,205,149,34,26,81,94,177,35
354,649,1670,168,998,620,203,448,245,1016,205,150,35,26,81,100,177,37
354,649,1671,174,998,643,209,464,254,1017,194,155,36,27,81,98,177,37
354,649,1671,0,998,633,209,462,250,1017,192,154,35,26,81,97,176,36
354,651,1672,0,999,637,208,460,251,1017,193,154,35,26,81,96,176,36
354,649,1671,183,998,676,220,487,267,1017,205,163,37,28,81,101,177,38
354,650,1670,0,998,625,203,451,247,1017,205,151,35,26,81,94,177,35
354,649,1670,0,998,631,205,455,249,1017,193,152,35,26,81,95,177,36
354,649,1671,170,998,629,205,454,248,1018,194,152,35,26,81,96,177,36
355,649,1671,0,997,638,207,460,252,1017,194,154,35,26,81,95,176,36
355,649,1670,174,998,645,210,465,255,1018,194,155,36,27,81,98,176,37
355,649,1670,0,998,620,202,447,245,1018,205,149,34,26,81,94,176,35
355,649,1672,0,997,630,205,455,249,1018,194,152,35,26,81,96,177,36
355,649,1670,0,997,633,206,456,250,1017,194,153,35,26,81,96,177,36
355,649,1670,0,998,632,206,457,250,1018,194,153,35,26,81,96,177,36
355,649,1671,0,997,636,207,459,251,1018,194,153,35,26,81,96,177,36
355,649,1670,0,997,677,220,488,267,1018,205,163,37,28,81,101,177,38
355,649,1671,167,997,618,202,447,244,1018,205,150,35,26,81,100,177,37
355,649,1671,0,997,633,208,462,250,1018,193,154,35,26,81,96,177,36
355,649,1671,173,997,639,208,461,252,1018,194,154,35,27,81,97,177,36
355,649,1670,0,997,618,202,447,244,1018,205,150,35,26,81,100,177,37
355,649,1670,0,997,619,202,447,245,1019,205,149,34,26,81,94,177,35
355,649,1671,0,997,626,204,452,247,1019,205,151,35,26,81,94,176,35
355,649,1672,0,997,623,203,450,246,1019,205,150,35,26,81,94,177,35

336,595,1554,152,941,603,215,471,253,1000,191,148,35,26,82,102,151,36
336,598,1569,0,943,586,209,457,246,1003,202,145,34,25,81,97,156,35
337,600,1578,0,944,600,217,474,252,1004,192,150,35,26,81,99,159,36
337,601,1583,155,944,605,216,473,254,1005,193,150,35,26,81,98,160,36
337,601,1587,156,944,604,216,472,253,1005,193,150,35,26,81,98,161,36
337,602,1590,0,943,598,216,472,251,1005,193,151,35,26,81,98,162,36
337,602,1592,0,944,598,216,473,251,1005,193,151,35,26,81,98,162,36
337,602,1594,0,944,602,215,471,253,1005,192,151,35,26,81,97,163,36
337,602,1595,0,943,641,229,501,269,1005,204,160,37,28,81,102,163,38
337,603,1597,167,944,641,228,500,269,1005,204,160,37,28,81,102,163,38
337,603,1598,156,943,599,216,473,252,1005,193,152,35,26,81,97,164,36
337,603,1598,0,943,592,211,462,248,1005,204,148,35,26,81,95,163,35
337,603,1598,0,944,597,213,467,251,1005,193,150,35,26,81,97,164,36
337,603,1599,0,943,601,215,470,252,1005,193,151,35,26,81,97,164,36
337,603,1599,0,943,639,228,499,268,1004,204,160,37,28,81,102,164,38
337,603,1600,0,943,583,208,456,245,1004,204,146,34,26,81,94,164,35
337,603,1600,0,943,602,215,471,253,1004,194,151,35,26,81,97,164,36
337,602,1601,0,943,583,209,456,245,1004,204,147,34,26,81,95,165,35
337,603,1601,156,942,597,216,471,251,1004,193,151,35,26,81,97,164,36
337,603,1601,158,943,601,215,471,253,1004,193,151,35,26,81,98,164,36
337,603,1601,159,942,607,217,474,255,1004,194,152,36,27,81,98,165,36
337,603,1600,157,942,601,215,470,252,1003,193,151,35,27,81,98,165,36
337,603,1601,0,942,601,215,470,252,1003,193,151,35,26,81,97,164,36
337,603,1601,0,942,639,228,499,268,1003,204,160,37,28,81,102,165,38
337,603,1602,0,943,584,210,458,245,1003,204,148,35,26,81,101,165,37
337,602,1602,156,941,596,215,471,250,1003,192,151,35,26,81,97,165,36
338,602,1602,0,942,590,211,461,248,1003,204,148,35,26,81,95,165,35
338,602,1602,0,942,606,216,473,254,1003,193,152,36,27,81,97,165,36
338,602,1602,166,942,635,226,495,266,1002,204,159,37,28,81,101,165,37
338,602,1602,0,942,585,209,457,246,1002,204,147,34,26,81,94,165,35
338,601,1602,153,942,584,210,458,245,1003,204,148,35,26,81,101,165,36
338,602,1602,0,941,588,210,459,247,1003,204,148,34,26,81,94,165,35
338,603,1602,0,942,583,208,455,245,1003,204,146,34,26,81,95,165,35
338,603,1601,0,943,604,216,471,253,1002,193,152,35,26,81,97,165,36
338,602,1602,156,942,596,213,466,250,1002,193,150,35,26,81,97,166,36
338,602,1602,159,941,605,216,473,254,1002,194,152,35,27,81,98,165,36
338,602,1602,158,941,603,215,471,250,1002,192,151,35,26,81,97,166,36
338,602,1602,156,941,595,215,470,250,1002,193,151,35,26,81,97,165,36
338,602,1602,156,942,596,215,470,250,1002,192,151,35,26,81,96,166,36
338,602,1602,158,942,602,215,470,250,1001,194,152,35,26,81,97,166,36
338,602,1602,157,941,596,213,465,250,1001,193,150,35,26,81,97,166,36
338,602,1602,0,942,596,213,465,250,1002,193,150,35,26,81,97,166,36
338,602,1603,0,941,582,208,455,244,1001,204,146,34,26,81,94,166,35
338,602,1603,0,941,598,214,468,251,1001,193,150,35,26,81,97,166,36
338,602,1603,156,942,594,215,470,250,1001,192,151,35,26,81,96,166,36
338,602,1602,158,941,600,214,469,252,1001,192,151,35,26,81,97,166,36
338,602,1603,0,941,603,215,471,253,1001,192,151,36,27,81,97,166,36
338,602,1603,0,941,583,209,456,245,1001,204,147,35,26,81,101,166,37
338,602,1603,0,941,596,215,471,250,1000,193,152,35,26,81,97,167,36
338,602,1603,0,941,592,212,462,249,1000,192,149,35,26,81,96,167,35
338,602,1603,0,941,597,213,466,250,1000,193,150,35,26,81,96,167,36
338,601,1603,157,940,596,215,470,250,1000,192,152,35,26,81,97,167,36
338,602,1603,0,941,581,208,454,244,1000,204,146,34,26,81,94,166,35
338,602,1603,0,941,599,214,468,251,1000,192,151,35,26,81,96,166,36
338,601,1603,0,940,582,208,454,244,1000,204,147,34,26,81,94,167,35
338,602,1603,0,941,594,214,469,249,1000,193,151,35,26,81,96,166,36
338,602,1603,159,941,605,216,472,254,1000,193,152,36,27,81,98,166,36
338,602,1603,0,941,594,212,463,249,1001,192,149,35,26,81,96,166,35
338,601,1603,0,941,636,227,496,267,1000,204,160,37,28,81,101,167,38
338,602,1603,0,941,583,209,456,245,1000,204,148,35,26,81,100,167,37
338,602,1602,0,941,594,215,469,249,1000,192,151,35,26,81,96,167,36
338,602,1601,0,941,601,215,469,252,1000,193,151,35,27,81,97,167,36
338,602,1602,0,941,602,215,470,252,1000,193,151,35,27,81,97,167,36
338,602,1602,158,941,602,215,470,252,1000,193,151,35,27,81,97,167,36
338,602,1602,0,940,636,227,496,267,999,204,160,37,28,81,101,167,38
338,602,1603,158,941,602,215,470,252,999,193,152,35,27,81,97,167,36
338,602,1603,0,941,589,211,461,247,1000,204,149,35,27,81,101,167,37
338,602,1603,0,941,637,227,496,267,1000,204,160,37,28,81,101,167,38
338,602,1604,167,941,635,226,495,266,1000,204,159,37,28,81,101,167,37
338,602,1603,0,941,603,215,470,253,999,193,151,35,27,81,97,167,36
338,602,1603,157,941,597,215,470,250,1000,193,152,35,26,81,97,166,36
338,602,1603,0,941,602,215,470,253,1000,192,151,35,27,81,97,167,36
338,601,1602,166,940,634,226,494,266,999,204,159,37,28,81,101,167,37
338,602,1603,0,940,637,227,496,267,1000,204,160,37,28,81,101,167,38
338,601,1603,0,941,582,208,455,244,999,204,146,34,26,81,94,167,35
338,602,1602,0,941,598,214,467,251,999,193,150,35,26,81,96,167,36
338,602,1603,0,941,596,215,470,250,999,192,151,35,26,81,97,167,36
338,602,1604,0,941,596,215,470,250,999,192,151,35,26,81,97,167,36
338,601,1604,0,940,588,211,460,247,999,204,149,35,26,81,100,167,37
338,601,1602,0,940,592,211,462,248,999,192,149,35,26,81,95,167,35
338,601,1603,0,941,600,214,468,252,999,193,151,35,27,81,97,167,36
338,602,1604,158,941,603,215,470,253,999,194,151,36,27,81,96,167,36
338,601,1602,0,941,582,208,454,244,999,204,146,34,26,81,94,167,35
338,602,1604,0,941,582,208,454,244,999,204,146,34,26,81,94,167,35
338,602,1604,0,941,581,208,454,244,999,204,146,34,26,81,94,167,35
338,602,1604,0,941,635,226,494,266,999,204,159,37,28,81,101,167,38
338,602,1604,153,941,582,209,455,244,999,204,147,35,26,81,100,167,36
338,602,1604,156,941,593,214,468,249,999,192,151,35,26,81,96,167,36
338,602,1604,157,941,598,214,467,251,999,193,151,35,26,81,97,167,36
339,602,1604,0,941,592,211,462,248,999,193,149,35,26,81,96,167,35
338,602,1604,0,941,637,227,496,267,999,204,160,37,28,81,101,167,38
339,601,1603,153,941,582,209,455,244,999,204,147,35,26,81,100,168,37
339,601,1604,0,941,595,215,469,250,998,192,151,35,26,81,96,168,36
339,601,1604,0,940,595,215,469,250,998,192,151,35,26,81,96,168,36
339,601,1604,0,940,582,208,454,244,998,204,146,34,26,81,93,168,35
339,601,1604,0,940,637,227,496,267,998,204,160,37,28,81,101,168,38
339,601,1604,0,940,595,215,470,250,998,191,151,35,26,81,96,168,36
339,601,1605,158,941,602,215,470,252,997,193,151,35,27,81,97,168,36
339,601,1604,158,941,602,215,470,252,998,191,151,36,27,81,97,168,36
339,601,1604,0,941,599,214,468,251,998,193,151,35,27,81,97,168,36

324,668,1736,0,1051,661,206,449,249,956,201,147,34,26,81,98,155,34
325,671,1753,0,1052,655,205,446,247,959,202,146,34,26,81,96,161,34
325,673,1764,0,1052,679,212,462,256,960,192,152,35,26,81,98,164,36
325,674,1771,0,1054,718,224,488,271,961,203,161,37,28,81,102,165,37
325,675,1774,0,1054,658,206,449,248,961,203,149,35,26,81,101,166,36
326,675,1779,148,1054,656,205,447,247,961,203,148,34,26,81,95,167,35
326,676,1780,0,1053,718,224,488,271,961,204,162,37,28,81,102,167,37
326,676,1784,151,1054,664,208,453,250,961,204,151,35,27,81,101,167,36
326,676,1787,154,1053,678,212,462,256,962,192,153,35,27,81,98,168,36
326,676,1788,0,1054,677,212,461,255,961,193,153,35,26,81,97,168,35
326,677,1787,0,1053,664,208,453,250,961,204,151,35,26,81,101,168,36
326,677,1789,153,1054,671,210,456,253,961,192,152,35,26,81,96,168,35
326,677,1789,0,1054,668,211,460,252,961,193,153,35,26,81,97,168,36
326,677,1790,0,1054,658,205,447,248,961,204,149,35,26,81,94,168,35
326,677,1792,0,1055,654,204,445,247,961,204,148,34,26,81,94,168,34
326,677,1793,0,1055,669,209,455,252,961,193,151,35,26,81,96,168,35
326,677,1793,0,1053,655,205,446,247,961,204,148,34,26,81,94,169,35
326,677,1794,0,1054,717,224,487,270,961,204,162,37,28,81,101,169,37
326,677,1793,0,1054,655,206,447,247,961,204,149,35,26,81,100,169,36
326,677,1794,0,1054,654,204,445,247,960,204,148,34,26,81,94,169,34
326,677,1794,0,1054,664,207,452,250,961,204,150,35,26,81,94,168,35
326,677,1795,155,1054,678,212,461,255,960,193,153,36,27,81,97,169,36
326,677,1796,154,1054,675,211,459,254,960,194,153,36,27,81,96,169,35
327,677,1795,0,1053,675,211,460,254,960,193,153,35,27,81,96,169,36
326,677,1795,0,1055,662,208,452,250,960,204,151,35,27,81,100,169,36
327,677,1796,154,1054,674,211,459,254,960,192,153,35,27,81,97,170,36
327,677,1798,163,1054,715,223,486,269,960,204,162,37,28,81,101,170,37
327,677,1796,0,1053,654,204,445,246,960,204,148,34,26,81,94,169,34
327,677,1796,0,1054,667,209,454,251,959,193,151,35,26,81,96,170,35
327,677,1796,0,1054,652,204,444,246,959,204,148,34,26,81,94,170,34
327,677,1798,0,1054,676,211,460,254,959,193,153,35,27,81,97,170,36
327,677,1799,0,1053,661,206,449,249,959,204,150,35,26,81,94,170,35
327,677,1798,163,1055,714,223,485,269,959,204,161,37,28,81,101,169,37
327,677,1797,152,1053,664,208,453,250,959,193,151,35,26,81,96,170,35
327,677,1797,0,1054,667,208,454,251,959,192,151,35,26,81,95,169,35
327,677,1799,0,1054,672,210,458,253,959,193,153,35,26,81,96,170,36
326,677,1798,0,1054,661,206,449,249,958,204,150,35,26,81,94,170,35
326,677,1799,154,1054,676,211,460,254,958,193,153,35,27,81,97,170,36
326,677,1799,163,1054,715,223,486,269,958,204,162,37,28,81,101,169,37
326,677,1799,0,1054,655,206,447,247,958,204,149,35,26,81,100,170,36
326,677,1798,0,1054,668,211,459,252,958,193,153,35,26,81,96,170,36
326,677,1799,0,1054,669,211,460,252,958,193,153,35,26,81,96,170,36
327,677,1800,154,1054,673,210,458,253,958,193,153,35,27,81,96,170,35
326,677,1799,0,1053,673,210,458,253,958,193,153,35,27,81,97,170,36
326,677,1800,0,1054,674,210,458,254,958,192,153,35,26,81,96,170,35
326,677,1798,0,1054,654,204,445,246,958,204,148,34,26,81,94,170,34
326,677,1801,0,1054,715,223,486,269,958,204,162,37,28,81,101,170,37
327,677,1800,153,1054,669,211,460,252,957,192,153,35,26,81,96,170,36
327,677,1800,0,1054,673,210,458,253,957,192,153,35,26,81,97,170,36
327,677,1799,163,1054,714,223,485,269,957,204,162,37,28,81,101,171,37
327,677,1801,0,1054,671,210,456,252,956,193,152,35,26,81,96,170,35
327,677,1801,0,1054,655,205,446,247,957,204,150,35,26,81,100,170,36
327,677,1802,0,1054,713,222,484,268,958,204,161,37,28,81,100,170,37
327,677,1802,151,1054,659,207,449,248,956,204,150,35,26,81,100,170,36
327,677,1802,149,1054,653,205,445,246,957,204,149,35,26,81,100,171,36
327,677,1801,0,1054,677,211,460,252,957,193,153,35,26,81,96,171,36
327,677,1802,0,1054,673,210,457,253,957,192,152,35,26,81,96,171,35
327,677,1801,154,1054,673,210,458,253,957,193,153,35,27,81,97,171,36
327,677,1803,166,1054,729,227,494,274,957,193,165,38,29,81,103,170,38
327,677,1803,154,1054,673,210,458,253,957,192,153,36,27,81,97,171,36
327,677,1801,149,1053,653,205,445,246,957,204,149,35,26,81,100,170,36
327,677,1803,0,1054,669,211,460,252,956,193,154,35,26,81,96,171,36
327,677,1802,0,1053,679,212,461,255,956,193,154,36,27,81,97,171,36
327,677,1802,163,1054,714,223,485,269,955,204,162,37,28,81,101,171,37
326,677,1802,0,1054,716,223,485,269,956,204,162,37,28,81,101,171,37
327,677,1803,0,1053,669,211,459,251,956,193,153,35,26,81,96,171,36
327,677,1804,0,1054,672,210,457,253,956,193,152,35,26,81,95,171,35
327,677,1803,0,1054,673,210,457,253,956,193,153,35,26,81,96,171,35
327,677,1804,0,1054,671,212,461,253,956,193,154,35,27,81,96,171,36
327,677,1805,0,1054,674,211,458,253,956,191,153,35,27,81,96,171,35
327,677,1805,152,1054,667,209,454,251,956,193,151,35,26,81,96,170,35
327,677,1803,0,1055,674,210,458,251,956,193,153,35,26,81,96,171,36
327,677,1805,0,1054,653,204,443,245,956,204,148,34,26,81,93,171,34
327,677,1804,155,1053,678,212,460,255,956,193,154,36,27,81,97,172,36
327,677,1806,149,1054,654,204,444,246,956,203,148,34,26,81,94,171,34
327,677,1805,154,1054,675,210,458,253,955,192,153,35,26,81,97,171,36
327,678,1806,0,1055,676,211,459,254,956,192,153,35,26,81,96,172,36
327,678,1806,0,1055,677,211,459,254,956,192,153,35,27,81,96,171,35
327,678,1806,154,1055,676,211,459,254,955,192,153,36,27,81,96,171,35
327,678,1805,0,1055,663,207,450,249,956,204,150,35,26,81,94,171,35
327,678,1807,0,1055,674,210,458,253,956,193,153,35,27,81,96,171,35
327,678,1806,154,1055,674,210,458,253,956,193,153,35,27,81,96,171,35
327,677,1807,0,1055,682,212,462,256,955,193,154,36,27,81,96,171,36
327,677,1805,154,1055,673,210,457,253,956,192,153,36,27,81,96,171,35
327,677,1805,0,1054,654,205,445,246,955,204,149,35,26,81,99,171,36
327,677,1805,0,1055,653,204,444,246,955,204,148,34,26,81,93,171,34
327,677,1808,0,1055,661,207,449,249,955,204,151,35,27,81,100,172,36
327,678,1807,0,1054,715,223,484,269,954,204,162,37,28,81,101,171,37
327,677,1806,149,1055,653,205,445,246,954,204,149,35,26,81,100,171,36
327,678,1808,0,1055,660,206,448,248,955,204,150,35,26,81,93,172,35
327,677,1808,0,1055,663,209,455,249,955,193,152,35,26,81,95,172,35
327,678,1808,0,1055,675,210,457,253,955,192,153,35,27,81,96,171,35
327,678,1807,0,1055,654,204,444,246,955,204,148,34,26,81,93,171,35
327,678,1809,0,1054,674,210,457,253,955,193,153,35,26,81,96,171,35
327,678,1807,0,1054,669,211,459,251,955,192,153,35,26,81,96,172,36
327,678,1809,154,1055,673,210,457,253,955,193,153,35,27,81,96,172,35
327,678,1809,0,1055,654,204,443,246,955,204,148,34,26,81,93,172,34
327,678,1809,0,1055,654,204,443,245,954,204,148,34,26,81,93,172,34
327,678,1807,0,1055,654,205,444,246,955,204,149,35,26,81,99,172,36
327,678,1807,0,1055,666,210,457,250,955,193,153,35,26,81,95,172,35

338,625,1633,0,964,616,204,442,248,983,201,146,34,26,82,98,160,35
339,628,1648,165,966,671,222,481,270,986,203,160,37,28,81,103,166,38
339,630,1655,0,966,618,206,444,249,987,203,149,35,26,81,102,168,36
339,630,1661,0,966,614,204,442,248,988,204,148,34,26,81,95,170,35
339,631,1666,0,966,614,204,441,247,988,204,148,34,26,81,94,171,35
339,631,1669,0,966,615,204,442,247,989,204,148,34,26,81,94,172,35
339,631,1669,156,966,622,207,448,250,989,204,151,35,26,81,100,172,36
339,633,1672,0,966,615,204,442,247,989,204,148,34,26,81,94,172,35
339,632,1673,0,966,622,206,447,250,988,204,150,35,26,81,94,172,35
339,632,1674,0,966,626,208,450,252,989,192,151,35,26,81,96,173,36
339,632,1675,161,966,637,211,457,256,990,193,154,36,27,81,97,173,36
339,632,1675,0,966,612,203,440,246,990,204,148,34,26,81,94,173,35
339,632,1675,161,965,635,211,457,256,989,194,154,36,27,81,97,174,36
339,633,1674,0,966,628,209,452,253,989,192,152,35,26,81,96,173,36
339,632,1676,160,966,631,210,454,254,989,193,153,35,26,81,96,173,36
340,633,1675,0,966,627,208,451,252,990,193,152,35,26,81,96,174,36
340,632,1675,159,966,626,210,455,252,990,193,154,35,26,81,96,174,36
340,632,1675,0,965,612,203,440,246,990,204,148,34,26,81,94,173,35
340,633,1676,0,966,638,212,459,257,990,193,154,36,27,81,98,174,36
340,633,1677,170,965,670,222,481,269,990,204,162,37,28,81,101,174,38
340,633,1677,0,965,630,209,454,254,990,192,153,35,26,81,96,174,36
340,632,1677,0,966,631,209,454,254,990,191,153,35,26,81,96,174,36
340,632,1675,0,966,617,205,444,248,990,204,149,35,26,81,93,173,35
340,632,1677,0,966,630,209,453,253,990,192,153,35,26,81,96,174,36
340,633,1677,0,966,618,206,446,249,990,204,151,35,26,81,100,174,37
340,632,1677,161,966,632,210,455,255,990,193,153,36,27,81,97,175,36
340,631,1677,0,966,621,206,447,250,990,193,150,35,26,81,95,174,35
340,632,1675,0,966,620,206,445,249,990,204,150,35,26,81,94,174,35
340,631,1674,0,966,618,205,445,249,991,204,150,35,26,81,94,174,35
340,631,1674,0,965,625,210,455,251,990,193,153,35,26,81,96,174,36
340,632,1676,160,965,630,209,453,253,990,193,153,35,26,81,96,175,36
340,631,1676,170,965,667,221,480,268,990,204,162,37,28,81,100,175,38
340,632,1675,0,965,608,202,438,245,990,204,148,34,26,81,93,175,35
340,632,1675,0,966,630,209,453,253,991,191,153,35,26,81,96,174,36
340,632,1675,0,966,610,203,439,245,991,204,148,34,26,81,93,175,35
340,632,1676,0,965,630,209,454,254,990,191,153,35,27,81,96,175,36
340,631,1677,170,965,668,221,480,268,990,204,162,37,28,81,100,175,38
340,631,1676,170,965,665,221,478,267,990,204,161,37,28,81,100,175,38
340,632,1675,0,965,627,208,451,252,990,193,152,35,26,81,95,175,36
340,631,1675,0,965,629,209,453,253,990,193,153,35,27,81,96,175,36
340,631,1677,160,965,627,208,452,252,990,193,152,35,26,81,95,175,36
340,632,1677,0,965,669,222,481,269,990,204,162,37,28,81,101,175,38
340,632,1675,0,965,667,221,479,268,990,204,162,37,28,81,100,175,38
340,632,1677,0,965,617,206,445,248,990,204,151,35,27,81,100,175,37
340,631,1676,156,965,608,202,438,244,990,204,148,34,26,81,93,176,35
340,631,1675,0,965,622,209,453,250,990,191,153,35,26,81,96,176,36
340,631,1675,0,965,613,203,441,246,990,204,149,34,26,81,93,175,35
340,630,1676,0,964,623,209,453,250,990,191,153,35,26,81,96,176,36
340,631,1675,0,964,666,221,479,268,990,204,162,37,28,81,100,176,38
340,631,1675,171,965,667,221,479,268,990,204,162,37,28,81,100,176,38
340,630,1675,171,964,666,221,479,268,990,204,161,37,28,81,100,176,38
340,630,1676,0,964,667,221,480,268,990,204,162,38,28,81,100,176,38
340,630,1677,157,965,611,204,441,246,990,204,149,35,26,81,99,176,36
341,630,1675,0,965,624,210,454,251,990,193,153,35,26,81,95,176,36
341,630,1677,0,965,631,209,454,253,990,193,153,35,27,81,96,176,36
341,630,1677,160,964,624,207,449,251,990,193,152,35,26,81,95,177,36
341,630,1675,0,964,610,203,439,245,989,203,148,34,26,81,93,176,35
341,631,1675,0,965,622,209,453,250,990,193,153,35,26,81,95,176,36
341,631,1675,0,965,667,221,479,268,990,204,162,37,28,81,100,176,38
341,631,1675,0,964,609,203,440,245,990,204,149,35,26,81,99,176,36
341,631,1675,160,964,621,209,453,250,990,193,153,35,26,81,95,177,36
341,630,1677,160,965,624,210,455,251,991,191,153,35,26,81,95,176,36
341,630,1677,0,965,629,209,453,253,991,192,153,35,26,81,95,176,36
341,630,1678,157,964,611,203,440,246,989,204,149,34,26,81,94,176,35
341,632,1676,0,965,609,204,440,245,991,204,149,35,26,81,100,176,36
341,631,1676,0,965,628,209,452,252,991,193,153,35,26,81,95,176,36
341,631,1676,0,966,666,221,479,268,990,204,162,37,28,81,100,176,38
341,632,1678,0,966,617,206,446,248,990,204,151,35,27,81,99,176,37
341,632,1678,0,964,619,206,446,249,991,193,150,35,26,81,94,176,35
341,631,1677,0,965,610,203,439,245,991,204,148,34,25,81,93,177,35
341,631,1676,0,966,611,203,440,246,990,204,149,34,26,81,93,176,35
341,631,1676,0,966,608,202,438,244,990,204,148,34,26,81,93,176,35
341,630,1677,0,965,630,209,454,253,991,192,153,35,26,81,96,177,36
341,631,1676,0,965,626,208,452,252,991,193,152,35,26,81,95,177,36
341,631,1677,0,965,625,210,455,251,991,193,154,35,26,81,95,177,36
341,631,1677,0,965,609,202,438,245,990,204,148,34,26,81,93,176,35
341,630,1677,0,965,666,221,480,268,990,204,162,37,28,81,100,176,38
341,631,1676,0,965,617,205,444,248,991,204,150,35,26,81,93,176,35
341,631,1676,0,965,624,210,455,251,990,192,154,35,26,81,95,176,36
341,631,1677,0,965,611,203,440,246,991,204,149,34,26,81,93,177,35
341,630,1676,0,965,631,209,454,253,991,193,153,35,27,81,96,177,36
341,631,1677,0,964,609,203,440,245,991,204,149,35,26,81,99,177,36
341,630,1675,0,965,632,210,455,251,991,190,154,35,26,81,95,177,36
341,630,1676,171,965,667,221,480,268,991,204,162,37,28,81,100,177,38
341,630,1675,160,965,622,207,448,250,991,192,151,35,26,81,95,177,36
341,631,1676,160,966,622,207,448,250,992,193,151,35,26,81,95,177,36
341,631,1677,0,965,611,203,440,246,991,204,149,34,26,81,93,177,35
341,631,1676,158,965,616,205,444,248,991,204,150,35,26,81,93,177,35
341,631,1676,0,965,628,209,453,253,990,193,153,35,27,81,96,177,36
341,631,1677,0,965,617,205,445,248,991,204,150,35,26,81,93,177,35
341,631,1678,0,966,623,210,454,251,992,192,154,35,26,81,95,177,36
341,631,1676,0,966,624,210,454,251,991,192,153,35,26,81,95,177,36
341,630,1676,0,965,611,203,440,246,991,204,148,34,26,81,93,177,35
341,630,1676,171,965,666,221,479,268,991,204,162,38,28,81,100,177,38
341,630,1676,0,965,610,204,441,245,991,204,150,35,26,81,99,177,37
341,630,1676,161,966,629,209,454,253,992,192,153,35,27,81,96,177,36
341,630,1676,0,965,629,209,453,253,992,193,153,35,27,81,96,177,36
341,631,1676,0,965,611,203,440,246,991,204,149,34,26,81,93,177,35
342,630,1676,161,966,628,209,453,252,992,192,153,35,27,81,96,177,36
342,630,1676,163,965,634,211,456,255,992,193,154,36,27,81,97,177,36

355,663,1671,0,1024,632,205,453,245,1058,200,142,34,25,81,97,158,35
356,667,1687,0,1025,640,207,460,248,1063,201,144,34,26,81,95,164,35
357,669,1697,0,1026,653,212,469,253,1066,190,148,35,26,81,97,168,37
357,670,1701,0,1026,648,210,465,251,1067,191,147,35,26,81,95,169,36
357,671,1705,0,1026,654,212,470,254,1067,191,149,35,26,81,97,170,37
357,671,1708,0,1027,636,206,457,247,1068,202,145,34,26,81,94,170,35
357,671,1712,0,1026,641,207,460,249,1068,202,146,34,26,81,93,171,35
358,672,1711,0,1027,641,207,460,249,1068,202,146,35,26,81,93,171,35
358,672,1712,0,1027,649,210,466,251,1068,191,148,35,26,81,95,171,36
358,672,1714,0,1027,633,205,455,246,1069,203,145,34,26,81,94,171,35
358,672,1714,0,1027,635,206,456,246,1069,203,145,34,26,81,93,171,35
358,672,1715,0,1027,650,211,468,253,1069,192,149,35,26,81,95,171,36
358,672,1715,0,1027,647,210,465,251,1069,192,148,35,26,81,95,171,36
358,672,1716,0,1026,651,211,469,253,1070,192,149,35,26,81,96,172,36
358,672,1717,0,1027,651,211,468,253,1070,190,149,35,26,81,95,172,36
359,672,1717,0,1026,653,212,470,254,1069,192,149,35,26,81,95,172,36
359,672,1718,183,1025,657,213,473,255,1071,192,150,36,27,80,96,171,36
359,672,1718,0,1025,632,205,455,246,1072,203,144,34,26,81,93,171,35
359,672,1716,0,1024,644,212,469,250,1072,190,149,35,26,81,95,172,36
359,672,1718,0,1025,646,212,470,251,1071,191,149,35,26,81,95,171,37
359,672,1718,0,1025,649,213,472,252,1071,192,150,35,26,81,96,171,37
359,672,1717,0,1024,645,209,465,251,1071,192,147,35,26,81,95,172,36
359,671,1717,0,1023,643,211,468,250,1071,190,149,35,26,81,95,172,36
359,671,1717,0,1024,630,204,453,245,1071,203,144,34,26,81,92,172,35
359,672,1717,0,1024,691,224,496,268,1071,203,158,37,28,80,100,172,38
359,671,1719,0,1024,652,212,470,253,1071,191,149,35,26,81,95,172,36
359,672,1719,0,1024,650,211,468,252,1070,192,149,35,26,81,95,172,36
360,671,1719,0,1023,630,205,454,245,1070,203,144,34,26,80,93,173,35
360,671,1718,0,1024,647,210,467,252,1072,191,148,35,26,80,95,172,36
360,671,1717,180,1023,642,209,463,250,1072,191,147,35,26,81,95,173,36
360,671,1718,181,1023,645,209,465,250,1072,191,148,35,26,81,95,172,36
360,671,1717,0,1023,631,205,455,245,1072,202,144,34,26,81,93,172,35
360,671,1718,181,1023,645,209,464,250,1072,191,147,35,26,81,95,173,36
359,671,1717,0,1023,642,209,463,249,1072,192,147,35,26,81,94,172,36
360,671,1718,0,1023,638,207,459,248,1072,202,146,35,26,80,93,173,35
360,671,1717,182,1023,648,211,468,252,1072,192,148,35,26,80,95,172,36
360,671,1717,0,1023,643,209,463,250,1072,192,147,35,26,81,95,172,36
360,672,1718,0,1023,642,211,468,250,1071,192,149,35,26,81,95,172,36
360,671,1718,0,1023,688,223,495,268,1071,203,157,37,28,80,100,173,38
360,671,1718,0,1022,644,209,464,250,1072,191,147,35,26,81,94,172,36
360,671,1718,0,1022,646,212,471,251,1072,192,150,35,26,80,95,173,37
360,671,1718,0,1022,688,223,495,267,1072,203,157,37,28,80,100,173,38
360,671,1717,0,1023,631,205,455,245,1072,203,144,34,26,80,93,172,35
360,671,1718,0,1022,645,209,464,250,1072,190,147,35,26,81,94,173,36
360,671,1718,0,1023,630,205,454,245,1072,203,144,34,26,80,93,173,35
360,671,1717,0,1023,629,204,453,244,1072,203,144,34,26,80,93,172,35
360,671,1717,0,1023,630,205,454,244,1072,203,144,34,26,80,93,172,35
360,671,1717,0,1023,688,223,495,267,1072,202,157,37,28,80,100,173,38
359,671,1718,0,1023,651,212,469,250,1073,191,149,35,26,80,95,173,37
360,671,1718,182,1024,649,211,468,252,1072,192,149,35,26,81,96,173,36
360,672,1718,0,1024,650,211,468,252,1072,191,149,35,26,81,95,173,36
360,672,1718,0,1024,629,205,455,244,1072,203,145,35,26,80,99,173,37
359,671,1718,181,1023,644,212,470,250,1069,189,150,35,26,80,95,173,36
359,671,1717,0,1023,645,211,469,250,1071,190,149,35,26,81,95,173,36
358,671,1719,184,1024,654,212,471,254,1070,192,150,35,26,81,96,173,36
359,672,1718,193,1024,688,223,495,267,1070,203,157,37,28,80,100,173,38
358,670,1717,0,1022,643,211,468,249,1067,191,149,35,26,80,95,173,36
359,671,1718,182,1022,649,210,467,251,1068,190,149,35,26,80,95,174,36
360,672,1718,0,1024,629,204,453,244,1071,203,144,34,26,80,93,173,35
360,672,1718,183,1024,653,211,470,253,1071,191,149,35,26,80,95,173,36
360,672,1719,179,1024,637,207,459,247,1071,203,146,35,26,81,99,173,37
360,672,1719,0,1024,629,204,454,244,1071,202,144,34,26,80,93,174,35
360,672,1718,0,1024,631,205,455,245,1072,203,144,34,26,81,93,173,35
360,672,1718,181,1024,643,211,469,249,1073,191,149,35,26,81,95,173,37
360,672,1720,0,1024,690,223,496,268,1073,202,158,37,28,81,100,173,38
360,672,1718,0,1023,688,223,495,267,1074,202,157,37,28,80,99,173,38
360,671,1718,181,1022,644,212,470,250,1073,191,149,35,26,80,95,174,36
360,671,1718,0,1022,650,211,469,252,1073,191,149,35,26,80,96,174,37
360,672,1719,0,1022,631,206,455,245,1072,202,145,35,26,80,99,174,37
360,671,1719,180,1022,637,208,460,247,1073,203,147,35,26,80,99,174,37
360,672,1719,0,1023,629,206,455,245,1073,202,145,35,26,81,99,174,37
360,672,1719,183,1022,651,212,469,253,1072,191,149,35,26,80,96,174,36
360,672,1718,0,1023,650,211,469,253,1073,191,149,35,26,80,95,174,36
360,672,1719,194,1023,688,223,496,267,1073,202,157,37,28,80,100,174,38
360,671,1718,181,1023,643,211,469,249,1073,191,149,35,26,80,94,174,37
360,672,1718,0,1024,643,211,469,250,1073,191,149,35,26,81,95,173,37
361,672,1718,0,1023,688,223,496,267,1073,202,157,37,28,80,100,173,38
360,672,1720,182,1024,644,211,469,250,1073,191,149,35,26,80,95,174,37
360,672,1718,0,1024,642,211,468,249,1073,191,149,35,26,80,95,173,36
360,672,1719,0,1024,651,211,470,253,1072,191,149,35,27,80,95,174,37
360,672,1718,0,1023,645,209,464,250,1072,191,147,35,26,80,94,174,36
360,672,1719,0,1023,644,211,469,250,1072,190,149,35,26,81,95,174,36
360,672,1718,0,1023,641,208,463,249,1074,191,147,35,26,81,95,174,36
361,672,1719,0,1023,645,210,466,251,1074,190,148,35,26,80,94,174,36
360,672,1718,0,1023,642,209,463,249,1073,191,147,35,26,80,94,175,36
360,672,1719,182,1024,642,211,469,250,1074,191,149,35,26,81,94,174,36
361,672,1719,185,1024,656,213,473,255,1073,192,150,36,27,80,95,174,36
361,672,1718,0,1024,689,223,495,267,1073,202,157,37,28,80,99,174,38
361,672,1720,0,1024,651,211,470,250,1074,191,149,35,26,80,95,174,37
361,672,1719,0,1024,689,223,496,267,1074,202,157,37,28,80,99,174,38
361,672,1719,182,1023,642,209,463,249,1074,191,147,35,26,80,94,175,36
361,672,1719,0,1024,646,210,466,251,1074,191,148,35,26,80,95,174,36
361,672,1719,0,1023,651,212,470,253,1073,190,149,35,26,80,96,175,36
360,672,1719,0,1023,630,205,455,245,1075,202,144,34,26,80,92,175,35
361,672,1719,0,1024,631,206,456,245,1075,202,145,35,26,80,99,174,37
361,672,1719,0,1024,649,211,469,252,1075,191,149,35,26,80,95,175,36
361,672,1719,0,1024,648,211,468,252,1074,191,148,35,26,80,95,174,36
361,672,1719,0,1024,630,206,455,245,1075,203,145,35,26,80,99,174,37
362,672,1720,0,1024,631,205,455,245,1074,203,144,34,26,80,92,174,35
362,672,1720,0,1024,631,206,456,245,1076,203,145,35,26,81,99,174,37

